  1-H -  1     1001.      0.  1.7110E-05  1.8479E-06
  1-H -  2     1002.      0.  8.4000E-06  1.5036E-06
  1-H -  3     1003.      0.  1.0800E-04  3.9960E-06
  2-He-  3     2003.      0.  1.0800E-04  3.9960E-06
  2-He-  4     2004.      0.  1.7021E-03  4.9300E-05
  2-He-  6     2006.      0.  2.6680E-05  1.8409E-06
  3-Li-  6     3006.      0.  2.6680E-05  1.8409E-06
  3-Li-  8     3008.      0.  7.2920E-07  1.1813E-07
  3-Li-  9     3009.      0.  4.0710E-07  2.8497E-08
  4-Be-  8     4008.      0.  1.3418E-06  1.1813E-07
  4-Be-  9     4009.      0.  6.1268E-07  2.8497E-08
  4-Be- 10     4010.      0.  5.2010E-06  2.5485E-07
  4-Be- 12     4012.      0.  1.2610E-07  3.0138E-08
  5-B -  9     5009.      0.  4.0710E-07  2.8497E-08
  5-B - 10     5010.      0.  5.2010E-06  2.5485E-07
  5-B - 12     5012.      0.  2.5220E-07  3.0138E-08
  6-C - 12     6012.      0.  2.4822E-07  3.0138E-08
  6-C - 14     6014.      0.  1.5780E-06  2.4301E-07
  6-C - 15     6015.      0.  2.5280E-07  3.2358E-08
  7-N - 15     7015.      0.  2.5280E-07  3.2358E-08
 10-Ne- 21    10021.      0.  2.1460E-06  4.3564E-07
 22-Ti- 56    22056.      0.  1.0104E-12  1.1963E-12
 23-V - 56    23056.      0.  2.3225E-12  2.3344E-12
 23-V - 57    23057.      0.  4.1709E-12  4.3079E-12
 23-V - 58    23058.      0.  3.4908E-12  4.3390E-12
 23-V - 59    23059.      0.  5.7807E-12  7.4308E-12
 23-V - 60    23060.      0.  1.4853E-12  2.1430E-12
 24-Cr- 56    24056.      0.  2.3392E-12  2.3502E-12
 24-Cr- 57    24057.      0.  7.9705E-12  5.5641E-12
 24-Cr- 58    24058.      0.  8.5802E-12  8.8739E-12
 24-Cr- 59    24059.      0.  2.0541E-11  2.0798E-11
 24-Cr- 60    24060.      0.  3.9478E-11  4.0847E-11
 24-Cr- 61    24061.      0.  2.5325E-11  3.2779E-11
 24-Cr- 62    24062.      0.  3.3905E-11  4.5791E-11
 24-Cr- 63    24063.      0.  7.3683E-12  1.0693E-11
 24-Cr- 64    24064.      0.  2.4833E-12  3.6424E-12
 25-Mn- 56    25056.      0.  2.3392E-12  2.3502E-12
 25-Mn- 57    25057.      0.  7.9705E-12  5.5641E-12
 25-Mn- 58    25058.      0.  8.5802E-12  8.8739E-12
 25-Mn- 59    25059.      0.  2.5170E-11  2.5221E-11
 25-Mn- 60    25060.      0.  4.2262E-11  4.3135E-11
 25-Mn- 60-M  25060.      1.  1.2230E-11  1.5757E-11
 25-Mn- 61    25061.      0.  1.0852E-10  1.0884E-10
 25-Mn- 62    25062.      0.  1.2664E-10  1.3807E-10
 25-Mn- 62-M  25062.      1.  3.6644E-11  4.3218E-11
 25-Mn- 63    25063.      0.  3.0094E-10  3.2680E-10
 25-Mn- 64    25064.      0.  1.3972E-10  1.8940E-10
 25-Mn- 65    25065.      0.  1.4878E-10  2.0983E-10
 25-Mn- 66    25066.      0.  2.7372E-11  3.9881E-11
 25-Mn- 67    25067.      0.  7.1178E-12  1.0439E-11
 26-Fe- 56    26056.      0.  2.3392E-12  2.3502E-12
 26-Fe- 57    26057.      0.  7.9705E-12  5.5641E-12
 26-Fe- 58    26058.      0.  8.5802E-12  8.8739E-12
 26-Fe- 59    26059.      0.  2.5170E-11  2.5221E-11
 26-Fe- 60    26060.      0.  5.3085E-11  5.3194E-11
 26-Fe- 61    26061.      0.  1.1380E-10  1.1402E-10
 26-Fe- 62    26062.      0.  2.4353E-10  2.4402E-10
 26-Fe- 63    26063.      0.  5.0474E-10  5.0587E-10
 26-Fe- 64    26064.      0.  1.0236E-09  1.0280E-09
 26-Fe- 65    26065.      0.  1.3022E-09  1.4100E-09
 26-Fe- 66    26066.      0.  2.3380E-09  2.6642E-09
 26-Fe- 67    26067.      0.  8.7006E-10  1.2138E-09
 26-Fe- 68    26068.      0.  6.6088E-10  9.5092E-10
 26-Fe- 69    26069.      0.  1.0385E-10  1.5142E-10
 26-Fe- 70    26070.      0.  1.9930E-11  2.9158E-11
 27-Co- 59    27059.      0.  2.5170E-11  2.5221E-11
 27-Co- 61    27061.      0.  1.1380E-10  1.1402E-10
 27-Co- 62    27062.      0.  2.4353E-10  2.4402E-10
 27-Co- 63    27063.      0.  5.2037E-10  5.2141E-10
 27-Co- 64    27064.      0.  1.1082E-09  1.1104E-09
 27-Co- 65    27065.      0.  2.3485E-09  2.3532E-09
 27-Co- 66    27066.      0.  4.6689E-09  4.6847E-09
 27-Co- 67    27067.      0.  9.1437E-09  9.2459E-09
 27-Co- 68    27068.      0.  6.4166E-09  7.2968E-09
 27-Co- 68-M  27068.      1.  4.3916E-09  5.4232E-09
 27-Co- 69    27069.      0.  1.4241E-08  1.7653E-08
 27-Co- 70    27070.      0.  2.0090E-09  2.9051E-09
 27-Co- 70-M  27070.      1.  2.0289E-09  2.9188E-09
 27-Co- 71    27071.      0.  2.3729E-09  3.4383E-09
 27-Co- 72    27072.      0.  3.0293E-10  4.3781E-10
 27-Co- 73    27073.      0.  4.6362E-11  2.0991E-11
 27-Co- 74    27074.      0.  2.4020E-12  1.0449E-12
 28-Ni- 61    28061.      0.  1.1380E-10  1.1402E-10
 28-Ni- 62    28062.      0.  2.4353E-10  2.4402E-10
 28-Ni- 63    28063.      0.  5.2037E-10  5.2141E-10
 28-Ni- 64    28064.      0.  1.1082E-09  1.1104E-09
 28-Ni- 65    28065.      0.  2.3638E-09  2.3685E-09
 28-Ni- 66    28066.      0.  5.0383E-09  5.0484E-09
 28-Ni- 67    28067.      0.  1.0716E-08  1.0737E-08
 28-Ni- 68    28068.      0.  2.2733E-08  2.2779E-08
 28-Ni- 69    28069.      0.  2.8048E-08  2.9400E-08
 28-Ni- 69-M  28069.      1.  1.3950E-08  1.7240E-08
 28-Ni- 70    28070.      0.  8.1955E-08  8.3819E-08
 28-Ni- 71    28071.      0.  6.2549E-08  7.7128E-08
 28-Ni- 72    28072.      0.  9.0529E-08  1.1783E-07
 28-Ni- 73    28073.      0.  2.1014E-08  9.2498E-09
 28-Ni- 74    28074.      0.  1.4133E-08  6.1129E-09
 28-Ni- 75    28075.      0.  1.0069E-09  3.9110E-10
 28-Ni- 76    28076.      0.  5.1404E-10  2.1252E-10
 28-Ni- 77    28077.      0.  1.2128E-11  4.3672E-12
 29-Cu- 63    29063.      0.  5.2037E-10  5.2141E-10
 29-Cu- 65    29065.      0.  2.3638E-09  2.3685E-09
 29-Cu- 66    29066.      0.  5.0383E-09  5.0484E-09
 29-Cu- 67    29067.      0.  1.0742E-08  1.0762E-08
 29-Cu- 68    29068.      0.  2.3020E-08  2.2956E-08
 29-Cu- 68-M  29068.      1.  2.2681E-10  3.2985E-10
 29-Cu- 69    29069.      0.  4.8711E-08  4.8809E-08
 29-Cu- 70    29070.      0.  1.2944E-08  1.5650E-08
 29-Cu- 70-M  29070.      1.  2.2583E-08  2.7390E-08
 29-Cu- 70-N  29070.      2.  8.3607E-08  8.5208E-08
 29-Cu- 71    29071.      0.  2.1627E-07  2.1677E-07
 29-Cu- 72    29072.      0.  3.5446E-07  3.6271E-07
 29-Cu- 73    29073.      0.  6.4863E-07  1.3333E-07
 29-Cu- 74    29074.      0.  6.5418E-07  2.1346E-07
 29-Cu- 75    29075.      0.  4.9848E-07  1.7589E-07
 29-Cu- 76    29076.      0.  1.9717E-07  8.0768E-08
 29-Cu- 76-M  29076.      1.  1.9717E-07  8.0768E-08
 29-Cu- 77    29077.      0.  1.1285E-07  4.0538E-08
 29-Cu- 78    29078.      0.  8.7360E-09  2.9621E-09
 29-Cu- 79    29079.      0.  1.0631E-09  3.6390E-10
 29-Cu- 80    29080.      0.  3.3921E-11  1.0733E-11
 30-Zn- 66    30066.      0.  5.0383E-09  5.0484E-09
 30-Zn- 67    30067.      0.  1.0742E-08  1.0762E-08
 30-Zn- 68    30068.      0.  2.3056E-08  2.2956E-08
 30-Zn- 69    30069.      0.  4.8732E-08  4.8829E-08
 30-Zn- 69-M  30069.      1.  1.6597E-11  2.4225E-11
 30-Zn- 70    30070.      0.  1.0445E-07  1.0461E-07
 30-Zn- 71    30071.      0.  2.1766E-07  2.1814E-07
 30-Zn- 71-M  30071.      1.  6.0013E-09  8.6139E-09
 30-Zn- 72    30072.      0.  4.8099E-07  4.8195E-07
 30-Zn- 73    30073.      0.  8.5810E-07  1.6303E-07
 30-Zn- 73-M  30073.      1.  1.7590E-07  5.0084E-08
 30-Zn- 73-N  30073.      2.  2.6000E-07  8.0347E-08
 30-Zn- 74    30074.      0.  3.2307E-06  4.9838E-07
 30-Zn- 75    30075.      0.  5.7224E-06  6.3663E-07
 30-Zn- 76    30076.      0.  2.9069E-05  5.2521E-06
 30-Zn- 77    30077.      0.  1.6899E-05  3.8280E-06
 30-Zn- 77-M  30077.      1.  2.3839E-06  6.9002E-07
 30-Zn- 78    30078.      0.  3.3805E-05  7.9645E-06
 30-Zn- 79    30079.      0.  6.9755E-06  2.2888E-06
 30-Zn- 80    30080.      0.  2.2625E-06  7.0871E-07
 30-Zn- 81    30081.      0.  2.0910E-08  7.0495E-09
 30-Zn- 82    30082.      0.  1.2083E-09  4.2262E-10
 31-Ga- 69    31069.      0.  4.8732E-08  4.8829E-08
 31-Ga- 71    31071.      0.  2.2368E-07  2.2413E-07
 31-Ga- 72    31072.      0.  4.8162E-07  4.8256E-07
 31-Ga- 72-M  31072.      1.  1.6091E-08  1.8915E-08
 31-Ga- 73    31073.      0.  1.0076E-06  1.8944E-07
 31-Ga- 74    31074.      0.  2.6071E-06  4.1204E-07
 31-Ga- 74-M  31074.      1.  3.3359E-06  5.1390E-07
 31-Ga- 75    31075.      0.  7.7870E-06  7.8188E-07
 31-Ga- 76    31076.      0.  4.0342E-05  6.6955E-06
 31-Ga- 77    31077.      0.  5.2494E-05  5.3680E-06
 31-Ga- 78    31078.      0.  9.7145E-05  1.0315E-05
 31-Ga- 79    31079.      0.  1.1647E-04  2.0413E-05
 31-Ga- 80    31080.      0.  1.3071E-04  2.4748E-05
 31-Ga- 81    31081.      0.  4.3416E-05  1.2542E-05
 31-Ga- 82    31082.      0.  1.5706E-05  5.1781E-06
 31-Ga- 83    31083.      0.  4.8588E-07  1.9368E-07
 31-Ga- 84    31084.      0.  1.4445E-08  6.5225E-09
 31-Ga- 85    31085.      0.  4.7349E-10  1.8574E-10
 32-Ge- 72    32072.      0.  4.8162E-07  4.8256E-07
 32-Ge- 73    32073.      0.  1.0077E-06  1.8944E-07
 32-Ge- 73-M  32073.      1.  9.9285E-07  1.8667E-07
 32-Ge- 74    32074.      0.  3.4427E-06  5.2745E-07
 32-Ge- 75    32075.      0.  8.3082E-06  8.3083E-07
 32-Ge- 75-M  32075.      1.  7.6384E-07  1.7147E-07
 32-Ge- 76    32076.      0.  4.7647E-05  7.8141E-06
 32-Ge- 77    32077.      0.  3.8640E-05  4.9132E-06
 32-Ge- 77-M  32077.      1.  5.6752E-05  5.3827E-06
 32-Ge- 78    32078.      0.  2.0274E-04  9.7342E-06
 32-Ge- 79    32079.      0.  1.7163E-04  2.0869E-05
 32-Ge- 79-M  32079.      1.  2.8760E-04  2.6856E-05
 32-Ge- 80    32080.      0.  1.0162E-03  6.0487E-05
 32-Ge- 81    32081.      0.  8.6912E-04  9.8754E-05
 32-Ge- 81-M  32081.      1.  2.1513E-04  3.2892E-05
 32-Ge- 82    32082.      0.  7.7596E-04  1.8003E-04
 32-Ge- 83    32083.      0.  3.2573E-04  1.4087E-04
 32-Ge- 84    32084.      0.  1.1412E-04  5.5066E-05
 32-Ge- 85    32085.      0.  3.2159E-05  1.2803E-05
 32-Ge- 86    32086.      0.  8.6650E-06  3.0056E-06
 32-Ge- 87    32087.      0.  7.6601E-09  2.7396E-09
 33-As- 75    33075.      0.  8.3085E-06  8.3085E-07
 33-As- 75-M  33075.      1.  2.4003E-10  5.6251E-11
 33-As- 76    33076.      0.  2.3177E-09  9.5819E-10
 33-As- 77    33077.      0.  8.4743E-05  6.6945E-06
 33-As- 78    33078.      0.  2.0481E-04  9.8208E-06
 33-As- 79    33079.      0.  4.6987E-04  3.7590E-05
 33-As- 80    33080.      0.  1.2410E-03  7.0749E-05
 33-As- 81    33081.      0.  1.7667E-03  1.2674E-04
 33-As- 82    33082.      0.  1.1357E-03  1.6834E-04
 33-As- 82-M  33082.      1.  1.0855E-03  1.4772E-04
 33-As- 83    33083.      0.  2.0993E-03  3.1681E-04
 33-As- 84    33084.      0.  5.7945E-04  2.3253E-04
 33-As- 84-M  33084.      1.  5.7945E-04  2.3253E-04
 33-As- 85    33085.      0.  8.6304E-04  3.3065E-04
 33-As- 86    33086.      0.  3.9054E-04  1.3547E-04
 33-As- 87    33087.      0.  1.3913E-04  5.0611E-05
 33-As- 88    33088.      0.  1.5670E-05  6.0745E-06
 33-As- 89    33089.      0.  2.0663E-06  8.0712E-07
 33-As- 90    33090.      0.  2.5179E-09  9.6387E-10
 34-Se- 76    34076.      0.  2.3177E-09  9.5819E-10
 34-Se- 77    34077.      0.  8.4743E-05  6.6945E-06
 34-Se- 77-M  34077.      1.  1.2273E-11  4.4194E-12
 34-Se- 78    34078.      0.  2.0482E-04  9.8208E-06
 34-Se- 79    34079.      0.  4.7133E-04  3.7706E-05
 34-Se- 79-M  34079.      1.  4.5897E-04  3.6735E-05
 34-Se- 80    34080.      0.  1.2591E-03  7.1478E-05
 34-Se- 81    34081.      0.  1.9310E-03  1.3710E-04
 34-Se- 81-M  34081.      1.  2.0608E-04  4.1449E-05
 34-Se- 82    34082.      0.  3.2236E-03  1.8697E-04
 34-Se- 83    34083.      0.  3.4829E-03  2.1016E-04
 34-Se- 83-M  34083.      1.  1.9748E-03  2.2499E-04
 34-Se- 84    34084.      0.  9.7357E-03  2.4388E-04
 34-Se- 85    34085.      0.  1.0547E-02  2.3385E-04
 34-Se- 86    34086.      0.  1.0153E-02  8.0523E-04
 34-Se- 87    34087.      0.  5.5641E-03  1.3353E-03
 34-Se- 88    34088.      0.  2.7162E-03  1.0223E-03
 34-Se- 89    34089.      0.  7.8557E-04  3.1001E-04
 34-Se- 90    34090.      0.  2.1813E-04  8.3944E-05
 34-Se- 91    34091.      0.  1.7631E-05  6.2168E-06
 34-Se- 92    34092.      0.  2.0220E-06  7.0375E-07
 35-Br- 79    35079.      0.  2.5705E-07  3.1099E-08
 35-Br- 79-M  35079.      1.  1.5658E-11  5.3599E-12
 35-Br- 80    35080.      0.  1.4586E-09  3.6868E-10
 35-Br- 80-M  35080.      1.  1.0956E-09  3.4662E-10
 35-Br- 81    35081.      0.  1.9313E-03  1.3712E-04
 35-Br- 82    35082.      0.  2.7016E-06  7.2811E-07
 35-Br- 82-M  35082.      1.  8.1415E-07  2.8434E-07
 35-Br- 83    35083.      0.  5.5294E-03  2.1512E-04
 35-Br- 84    35084.      0.  9.9217E-03  2.4805E-04
 35-Br- 84-M  35084.      1.  1.8606E-04  7.7565E-05
 35-Br- 85    35085.      0.  1.3038E-02  1.4534E-04
 35-Br- 86    35086.      0.  1.7291E-02  3.3791E-04
 35-Br- 87    35087.      0.  1.8358E-02  8.0183E-04
 35-Br- 88    35088.      0.  1.3775E-02  1.8764E-03
 35-Br- 89    35089.      0.  1.0384E-02  2.4386E-03
 35-Br- 90    35090.      0.  4.8740E-03  1.6090E-03
 35-Br- 91    35091.      0.  2.0269E-03  6.8804E-04
 35-Br- 92    35092.      0.  3.0464E-04  1.0497E-04
 35-Br- 93    35093.      0.  6.2514E-05  2.2504E-05
 35-Br- 94    35094.      0.  3.4704E-06  1.3122E-06
 35-Br- 95    35095.      0.  7.2593E-09  2.6978E-09
 36-Kr- 80    36080.      0.  1.3375E-09  3.3808E-10
 36-Kr- 82    36082.      0.  2.7218E-06  7.2839E-07
 36-Kr- 83    36083.      0.  5.5294E-03  2.1512E-04
 36-Kr- 83-M  36083.      1.  5.5245E-03  2.1512E-04
 36-Kr- 84    36084.      0.  1.0137E-02  2.4890E-04
 36-Kr- 85    36085.      0.  2.9650E-03  2.1393E-04
 36-Kr- 85-M  36085.      1.  1.3052E-02  1.4529E-04
 36-Kr- 86    36086.      0.  1.9994E-02  2.3568E-04
 36-Kr- 87    36087.      0.  2.5727E-02  3.5490E-04
 36-Kr- 88    36088.      0.  3.4955E-02  7.9994E-04
 36-Kr- 89    36089.      0.  4.4367E-02  6.9101E-04
 36-Kr- 90    36090.      0.  4.7174E-02  1.3084E-03
 36-Kr- 91    36091.      0.  3.2571E-02  2.2284E-03
 36-Kr- 92    36092.      0.  1.7607E-02  3.1307E-03
 36-Kr- 93    36093.      0.  6.1623E-03  1.9050E-03
 36-Kr- 94    36094.      0.  1.8016E-03  6.5765E-04
 36-Kr- 95    36095.      0.  2.7009E-04  9.9913E-05
 36-Kr- 96    36096.      0.  4.1898E-05  1.5137E-05
 36-Kr- 97    36097.      0.  4.3988E-06  1.5429E-06
 36-Kr- 98    36098.      0.  8.2286E-07  2.8852E-07
 37-Rb- 85    37085.      0.  1.3224E-02  1.4555E-04
 37-Rb- 86    37086.      0.  2.1763E-06  5.5315E-07
 37-Rb- 86-M  37086.      1.  1.3987E-06  4.8323E-07
 37-Rb- 87    37087.      0.  2.5813E-02  3.5490E-04
 37-Rb- 88    37088.      0.  3.5344E-02  7.9994E-04
 37-Rb- 89    37089.      0.  4.7163E-02  6.6167E-04
 37-Rb- 90    37090.      0.  4.2218E-02  1.3530E-03
 37-Rb- 90-M  37090.      1.  1.3770E-02  1.9160E-03
 37-Rb- 91    37091.      0.  5.4146E-02  6.8873E-04
 37-Rb- 92    37092.      0.  4.3714E-02  1.8615E-03
 37-Rb- 93    37093.      0.  3.3297E-02  2.7665E-03
 37-Rb- 94    37094.      0.  1.5949E-02  3.2872E-03
 37-Rb- 95    37095.      0.  8.4877E-03  2.4159E-03
 37-Rb- 96    37096.      0.  1.6129E-03  4.0785E-04
 37-Rb- 96-M  37096.      1.  1.0753E-03  3.6776E-04
 37-Rb- 97    37097.      0.  5.8949E-04  2.0197E-04
 37-Rb- 98    37098.      0.  2.9209E-05  1.0229E-05
 37-Rb- 98-M  37098.      1.  2.9974E-05  1.0233E-05
 37-Rb- 99    37099.      0.  6.5600E-06  2.3678E-06
 37-Rb-100    37100.      0.  6.7127E-09  2.5522E-09
 38-Sr- 86    38086.      0.  2.1762E-06  5.5312E-07
 38-Sr- 87    38087.      0.  1.7667E-09  5.2715E-10
 38-Sr- 87-M  38087.      1.  3.3197E-10  1.1873E-10
 38-Sr- 88    38088.      0.  3.5358E-02  7.9994E-04
 38-Sr- 89    38089.      0.  4.7288E-02  6.6275E-04
 38-Sr- 90    38090.      0.  5.6759E-02  1.3068E-03
 38-Sr- 91    38091.      0.  5.8463E-02  4.6929E-04
 38-Sr- 92    38092.      0.  6.0284E-02  5.4000E-04
 38-Sr- 93    38093.      0.  6.3492E-02  6.9685E-04
 38-Sr- 94    38094.      0.  6.1129E-02  7.6864E-04
 38-Sr- 95    38095.      0.  5.3262E-02  1.1649E-03
 38-Sr- 96    38096.      0.  4.0249E-02  1.9256E-03
 38-Sr- 97    38097.      0.  1.8877E-02  2.9999E-03
 38-Sr- 98    38098.      0.  7.6232E-03  2.0092E-03
 38-Sr- 99    38099.      0.  1.9173E-03  6.4949E-04
 38-Sr-100    38100.      0.  4.4370E-04  1.6636E-04
 38-Sr-101    38101.      0.  3.6656E-05  1.3457E-05
 38-Sr-102    38102.      0.  1.1617E-06  4.1598E-07
 38-Sr-103    38103.      0.  7.1962E-10  2.5962E-10
 39-Y - 89    39089.      0.  4.7288E-02  6.6275E-04
 39-Y - 89-M  39089.      1.  4.5581E-06  4.4405E-07
 39-Y - 90    39090.      0.  5.6763E-02  1.3069E-03
 39-Y - 90-M  39090.      1.  1.9046E-06  7.2903E-07
 39-Y - 91    39091.      0.  5.8481E-02  4.6858E-04
 39-Y - 91-M  39091.      1.  3.4412E-02  1.7106E-03
 39-Y - 92    39092.      0.  6.0404E-02  5.4000E-04
 39-Y - 93    39093.      0.  6.4452E-02  6.9685E-04
 39-Y - 93-M  39093.      1.  1.6721E-02  1.4662E-03
 39-Y - 94    39094.      0.  6.3937E-02  7.1101E-04
 39-Y - 95    39095.      0.  6.4038E-02  6.5784E-04
 39-Y - 96    39096.      0.  4.6560E-02  1.5330E-03
 39-Y - 96-M  39096.      1.  1.1347E-02  2.4114E-03
 39-Y - 97    39097.      0.  2.1646E-02  2.4624E-03
 39-Y - 97-M  39097.      1.  2.5212E-02  1.9861E-03
 39-Y - 97-N  39097.      2.  4.9552E-03  8.0754E-04
 39-Y - 98    39098.      0.  1.1925E-02  1.9800E-03
 39-Y - 98-M  39098.      1.  1.8090E-02  2.6562E-03
 39-Y - 99    39099.      0.  2.1294E-02  3.1123E-03
 39-Y -100    39100.      0.  4.3265E-03  1.2171E-03
 39-Y -100-M  39100.      1.  3.8862E-03  1.2160E-03
 39-Y -101    39101.      0.  3.0072E-03  9.6744E-04
 39-Y -102    39102.      0.  2.6986E-04  9.4381E-05
 39-Y -102-M  39102.      1.  2.6986E-04  9.4381E-05
 39-Y -103    39103.      0.  7.1713E-05  2.5738E-05
 39-Y -104    39104.      0.  6.4808E-06  2.4373E-06
 39-Y -105    39105.      0.  2.5041E-09  1.0211E-09
 40-Zr- 90    40090.      0.  5.6763E-02  1.3069E-03
 40-Zr- 90-M  40090.      1.  3.4282E-11  1.3123E-11
 40-Zr- 91    40091.      0.  5.8481E-02  4.6858E-04
 40-Zr- 92    40092.      0.  6.0407E-02  5.4000E-04
 40-Zr- 93    40093.      0.  6.4474E-02  6.9685E-04
 40-Zr- 94    40094.      0.  6.4114E-02  7.1062E-04
 40-Zr- 95    40095.      0.  6.5042E-02  6.5244E-04
 40-Zr- 96    40096.      0.  6.3064E-02  8.1985E-04
 40-Zr- 97    40097.      0.  5.9809E-02  7.1376E-04
 40-Zr- 98    40098.      0.  5.6787E-02  8.0362E-04
 40-Zr- 99    40099.      0.  5.7573E-02  8.8080E-04
 40-Zr-100    40100.      0.  5.3928E-02  1.0807E-03
 40-Zr-101    40101.      0.  3.3086E-02  1.6831E-03
 40-Zr-102    40102.      0.  1.7916E-02  2.0273E-03
 40-Zr-103    40103.      0.  4.4840E-03  1.1452E-03
 40-Zr-104    40104.      0.  1.0244E-03  3.3792E-04
 40-Zr-105    40105.      0.  7.1932E-05  2.8801E-05
 40-Zr-106    40106.      0.  8.0296E-06  3.6933E-06
 40-Zr-107    40107.      0.  2.1572E-09  8.6312E-10
 40-Zr-108    40108.      0.  2.1585E-11  8.2659E-12
 41-Nb- 95    41095.      0.  6.5006E-02  6.5232E-04
 41-Nb- 95-M  41095.      1.  7.0320E-04  6.9778E-05
 41-Nb- 96    41096.      0.  1.5159E-05  5.4785E-06
 41-Nb- 97    41097.      0.  5.9961E-02  7.1376E-04
 41-Nb- 97-M  41097.      1.  5.6875E-02  7.2842E-04
 41-Nb- 98    41098.      0.  5.6961E-02  8.0337E-04
 41-Nb- 98-M  41098.      1.  5.2697E-04  1.8242E-04
 41-Nb- 99    41099.      0.  3.9811E-02  1.6766E-03
 41-Nb- 99-M  41099.      1.  2.1878E-02  1.6735E-03
 41-Nb-100    41100.      0.  5.5398E-02  1.0397E-03
 41-Nb-100-M  41100.      1.  6.1842E-03  1.9518E-03
 41-Nb-101    41101.      0.  4.8977E-02  8.0286E-04
 41-Nb-102    41102.      0.  2.6863E-02  1.5117E-03
 41-Nb-102-M  41102.      1.  8.9475E-03  1.4314E-03
 41-Nb-103    41103.      0.  2.1650E-02  1.0023E-03
 41-Nb-104    41104.      0.  4.3567E-03  6.6442E-04
 41-Nb-104-M  41104.      1.  3.3313E-03  6.4694E-04
 41-Nb-105    41105.      0.  2.4144E-03  5.1430E-04
 41-Nb-106    41106.      0.  3.3154E-04  1.2102E-04
 41-Nb-107    41107.      0.  5.0044E-05  1.8408E-05
 41-Nb-108    41108.      0.  4.8336E-06  1.8167E-06
 41-Nb-109    41109.      0.  1.5906E-06  5.8877E-07
 41-Nb-110    41110.      0.  7.4167E-11  2.8608E-11
 42-Mo- 95    42095.      0.  6.5045E-02  6.5241E-04
 42-Mo- 96    42096.      0.  1.5159E-05  5.4785E-06
 42-Mo- 97    42097.      0.  5.9962E-02  7.1376E-04
 42-Mo- 98    42098.      0.  5.7513E-02  8.0590E-04
 42-Mo- 99    42099.      0.  6.1399E-02  7.9864E-04
 42-Mo-100    42100.      0.  6.2549E-02  1.0008E-03
 42-Mo-101    42101.      0.  5.1782E-02  7.7655E-04
 42-Mo-102    42102.      0.  4.2853E-02  6.4291E-04
 42-Mo-103    42103.      0.  3.0817E-02  6.4819E-04
 42-Mo-104    42104.      0.  1.8246E-02  2.2675E-04
 42-Mo-105    42105.      0.  8.6010E-03  1.3769E-04
 42-Mo-106    42106.      0.  3.3970E-03  9.7647E-05
 42-Mo-107    42107.      0.  7.0595E-04  7.2162E-05
 42-Mo-108    42108.      0.  1.6122E-04  3.1486E-05
 42-Mo-109    42109.      0.  3.6202E-05  1.0160E-05
 42-Mo-110    42110.      0.  3.6146E-06  1.3551E-06
 42-Mo-111    42111.      0.  1.6438E-08  5.8446E-09
 42-Mo-112    42112.      0.  5.1885E-10  1.9627E-10
 42-Mo-113    42113.      0.  7.5228E-12  2.7812E-12
 43-Tc- 99    43099.      0.  6.1397E-02  7.9852E-04
 43-Tc- 99-M  43099.      1.  5.4068E-02  8.9965E-04
 43-Tc-100    43100.      0.  1.0741E-08  4.0835E-09
 43-Tc-101    43101.      0.  5.1793E-02  7.7655E-04
 43-Tc-102    43102.      0.  4.2895E-02  6.4346E-04
 43-Tc-102-M  43102.      1.  4.1808E-05  1.5129E-05
 43-Tc-103    43103.      0.  3.1114E-02  6.5340E-04
 43-Tc-104    43104.      0.  1.8808E-02  2.2548E-04
 43-Tc-105    43105.      0.  9.4468E-03  1.0421E-04
 43-Tc-106    43106.      0.  4.0417E-03  9.3201E-05
 43-Tc-107    43107.      0.  1.3192E-03  5.7520E-05
 43-Tc-108    43108.      0.  4.8087E-04  3.0660E-05
 43-Tc-109    43109.      0.  1.9053E-04  1.8251E-05
 43-Tc-110    43110.      0.  9.4446E-05  1.7371E-05
 43-Tc-111    43111.      0.  3.6730E-05  8.5871E-06
 43-Tc-112    43112.      0.  4.3599E-06  1.5330E-06
 43-Tc-113    43113.      0.  1.4882E-06  5.3915E-07
 43-Tc-114    43114.      0.  1.0588E-06  3.7725E-07
 43-Tc-115    43115.      0.  8.4259E-11  3.1761E-11
 44-Ru- 99    44099.      0.  2.0005E-06  1.6958E-07
 44-Ru-100    44100.      0.  1.0741E-08  4.0835E-09
 44-Ru-101    44101.      0.  5.1793E-02  7.7655E-04
 44-Ru-102    44102.      0.  4.2939E-02  6.4408E-04
 44-Ru-103    44103.      0.  3.1118E-02  6.5348E-04
 44-Ru-103-M  44103.      1.  2.5041E-06  9.1332E-07
 44-Ru-104    44104.      0.  1.8832E-02  2.2548E-04
 44-Ru-105    44105.      0.  9.4881E-03  1.0441E-04
 44-Ru-106    44106.      0.  4.0958E-03  9.4211E-05
 44-Ru-107    44107.      0.  1.3872E-03  5.9651E-05
 44-Ru-108    44108.      0.  5.6465E-04  3.3882E-05
 44-Ru-109    44109.      0.  2.7986E-04  2.2401E-05
 44-Ru-110    44110.      0.  2.3469E-04  2.5874E-05
 44-Ru-111    44111.      0.  1.4825E-04  7.3360E-06
 44-Ru-112    44112.      0.  7.5925E-05  6.8191E-06
 44-Ru-113    44113.      0.  3.1944E-05  5.6379E-06
 44-Ru-113-M  44113.      1.  2.0329E-05  5.2731E-06
 44-Ru-114    44114.      0.  2.0198E-05  5.2334E-06
 44-Ru-115    44115.      0.  3.7955E-06  1.3502E-06
 44-Ru-116    44116.      0.  2.7003E-06  1.0326E-06
 44-Ru-117    44117.      0.  5.0059E-10  1.9010E-10
 44-Ru-118    44118.      0.  1.7875E-11  7.5203E-12
 44-Ru-119    44119.      0.  6.6446E-08  2.4586E-08
 44-Ru-120    44120.      0.  5.3615E-09  2.0608E-09
 45-Rh-103    45103.      0.  3.1118E-02  6.5348E-04
 45-Rh-103-M  45103.      1.  3.0745E-02  6.4721E-04
 45-Rh-105    45105.      0.  9.4881E-03  1.0440E-04
 45-Rh-105-M  45105.      1.  2.6935E-03  2.2341E-04
 45-Rh-106    45106.      0.  4.0958E-03  9.4212E-05
 45-Rh-106-M  45106.      1.  1.2305E-08  5.6907E-09
 45-Rh-107    45107.      0.  1.3875E-03  5.9664E-05
 45-Rh-108    45108.      0.  5.6554E-04  3.3934E-05
 45-Rh-108-M  45108.      1.  2.6812E-06  1.0279E-06
 45-Rh-109    45109.      0.  2.8457E-04  2.2766E-05
 45-Rh-110    45110.      0.  2.4672E-04  2.7139E-05
 45-Rh-110-M  45110.      1.  3.2113E-07  1.2198E-07
 45-Rh-111    45111.      0.  1.8961E-04  6.8794E-06
 45-Rh-112    45112.      0.  9.2388E-05  7.1671E-06
 45-Rh-112-M  45112.      1.  1.6463E-05  4.3517E-06
 45-Rh-113    45113.      0.  1.3046E-04  8.9726E-06
 45-Rh-114    45114.      0.  4.4622E-05  6.1333E-06
 45-Rh-114-M  45114.      1.  2.4416E-05  4.9957E-06
 45-Rh-115    45115.      0.  5.4603E-05  7.2767E-06
 45-Rh-116    45116.      0.  7.9535E-06  2.1095E-06
 45-Rh-116-M  45116.      1.  1.2373E-05  4.1642E-06
 45-Rh-117    45117.      0.  7.6089E-06  2.6351E-06
 45-Rh-118    45118.      0.  3.9804E-06  1.6239E-06
 45-Rh-119    45119.      0.  2.0086E-05  6.0750E-06
 45-Rh-120    45120.      0.  2.4872E-06  9.3112E-07
 45-Rh-121    45121.      0.  3.8236E-07  1.4162E-07
 45-Rh-122    45122.      0.  1.8085E-08  6.8607E-09
 46-Pd-105    46105.      0.  9.4881E-03  1.0440E-04
 46-Pd-106    46106.      0.  4.0958E-03  9.4212E-05
 46-Pd-107    46107.      0.  1.3875E-03  5.9664E-05
 46-Pd-108    46108.      0.  5.6823E-04  3.4080E-05
 46-Pd-109    46109.      0.  2.8458E-04  2.2767E-05
 46-Pd-109-M  46109.      1.  1.4229E-04  1.5217E-05
 46-Pd-110    46110.      0.  2.4729E-04  2.7202E-05
 46-Pd-111    46111.      0.  1.9523E-04  7.0304E-06
 46-Pd-111-M  46111.      1.  5.3761E-06  1.5775E-06
 46-Pd-112    46112.      0.  1.1739E-04  8.4523E-06
 46-Pd-113    46113.      0.  1.5673E-04  1.0189E-05
 46-Pd-113-M  46113.      1.  1.8572E-05  5.4318E-06
 46-Pd-114    46114.      0.  1.2689E-04  7.7417E-06
 46-Pd-115    46115.      0.  6.8954E-05  6.6167E-06
 46-Pd-115-M  46115.      1.  4.3290E-05  5.8218E-06
 46-Pd-116    46116.      0.  1.4012E-04  9.5153E-06
 46-Pd-117    46117.      0.  7.4734E-05  1.0745E-05
 46-Pd-117-M  46117.      1.  4.3737E-05  8.1535E-06
 46-Pd-118    46118.      0.  7.6495E-05  2.0160E-05
 46-Pd-119    46119.      0.  4.5614E-05  9.5669E-06
 46-Pd-120    46120.      0.  1.6104E-05  4.8026E-06
 46-Pd-121    46121.      0.  1.6524E-06  4.9887E-07
 46-Pd-122    46122.      0.  1.2837E-05  4.2647E-06
 46-Pd-123    46123.      0.  9.0631E-07  3.2677E-07
 46-Pd-124    46124.      0.  2.2504E-07  8.1572E-08
 47-Ag-109    47109.      0.  2.8458E-04  2.2767E-05
 47-Ag-109-M  47109.      1.  2.8444E-04  2.2756E-05
 47-Ag-110    47110.      0.  5.2842E-12  1.9814E-12
 47-Ag-110-M  47110.      1.  1.1995E-11  4.6267E-12
 47-Ag-111    47111.      0.  1.9571E-04  7.0465E-06
 47-Ag-111-M  47111.      1.  1.9489E-04  7.0192E-06
 47-Ag-112    47112.      0.  1.1741E-04  8.4528E-06
 47-Ag-113    47113.      0.  1.0372E-04  7.7373E-06
 47-Ag-113-M  47113.      1.  1.5136E-04  9.8664E-06
 47-Ag-114    47114.      0.  1.2795E-04  7.8048E-06
 47-Ag-114-M  47114.      1.  8.5153E-07  3.0522E-07
 47-Ag-115    47115.      0.  6.3798E-05  5.8853E-06
 47-Ag-115-M  47115.      1.  6.1719E-05  5.8037E-06
 47-Ag-116    47116.      0.  1.4559E-04  9.8173E-06
 47-Ag-116-M  47116.      1.  1.1234E-05  3.8920E-06
 47-Ag-117    47117.      0.  4.8920E-05  7.2776E-06
 47-Ag-117-M  47117.      1.  8.1107E-05  1.1580E-05
 47-Ag-118    47118.      0.  9.6159E-05  2.4009E-05
 47-Ag-118-M  47118.      1.  5.1251E-05  1.4394E-05
 47-Ag-119    47119.      0.  3.3250E-05  6.3577E-06
 47-Ag-119-M  47119.      1.  9.1121E-05  1.4447E-05
 47-Ag-120    47120.      0.  4.4914E-05  8.6246E-06
 47-Ag-120-M  47120.      1.  3.9574E-05  8.8309E-06
 47-Ag-121    47121.      0.  3.1239E-05  6.9002E-06
 47-Ag-122    47122.      0.  2.0109E-05  4.8434E-06
 47-Ag-122-M  47122.      1.  6.5502E-06  2.2556E-06
 47-Ag-123    47123.      0.  3.4763E-06  9.6269E-07
 47-Ag-124    47124.      0.  5.4071E-06  1.3713E-06
 47-Ag-124-M  47124.      1.  3.2183E-06  1.1174E-06
 47-Ag-125    47125.      0.  3.4830E-06  1.1829E-06
 47-Ag-126    47126.      0.  1.3673E-06  4.5492E-07
 47-Ag-127    47127.      0.  9.3548E-07  3.0367E-07
 47-Ag-128    47128.      0.  1.5890E-08  5.2390E-09
 47-Ag-129    47129.      0.  9.9181E-10  3.4250E-10
 48-Cd-110    48110.      0.  1.7100E-11  5.1224E-12
 48-Cd-111    48111.      0.  1.9669E-04  7.0776E-06
 48-Cd-112    48112.      0.  1.1741E-04  8.4528E-06
 48-Cd-113    48113.      0.  1.5641E-04  1.0168E-05
 48-Cd-113-M  48113.      1.  1.7932E-06  2.2158E-07
 48-Cd-114    48114.      0.  1.2795E-04  7.8050E-06
 48-Cd-115    48115.      0.  1.0747E-04  7.9653E-06
 48-Cd-115-M  48115.      1.  5.1329E-06  6.1118E-07
 48-Cd-116    48116.      0.  1.5883E-04  1.0642E-05
 48-Cd-117    48117.      0.  9.8657E-05  1.3208E-05
 48-Cd-117-M  48117.      1.  2.9338E-05  4.5308E-06
 48-Cd-118    48118.      0.  1.4862E-04  3.6263E-05
 48-Cd-119    48119.      0.  1.1753E-04  1.7429E-05
 48-Cd-119-M  48119.      1.  4.0238E-05  7.9993E-06
 48-Cd-120    48120.      0.  1.4770E-04  2.3492E-05
 48-Cd-121    48121.      0.  5.2291E-05  5.6303E-06
 48-Cd-121-M  48121.      1.  6.1967E-05  4.9615E-06
 48-Cd-122    48122.      0.  1.4930E-04  1.2810E-05
 48-Cd-123    48123.      0.  2.3287E-05  3.6645E-06
 48-Cd-123-M  48123.      1.  4.9980E-05  6.8198E-06
 48-Cd-124    48124.      0.  1.3483E-04  1.3491E-05
 48-Cd-125    48125.      0.  3.6477E-05  6.5633E-06
 48-Cd-125-M  48125.      1.  8.5597E-05  1.3038E-05
 48-Cd-126    48126.      0.  1.9013E-04  2.5551E-05
 48-Cd-127    48127.      0.  1.4866E-04  3.0655E-05
 48-Cd-128    48128.      0.  8.7540E-05  2.3386E-05
 48-Cd-129    48129.      0.  8.4958E-06  2.7316E-06
 48-Cd-129-M  48129.      1.  2.0509E-05  6.5848E-06
 48-Cd-130    48130.      0.  1.1133E-05  3.9887E-06
 48-Cd-131    48131.      0.  2.1100E-08  7.3724E-09
 49-In-113    49113.      0.  1.7907E-06  2.2128E-07
 49-In-115    49115.      0.  1.0723E-04  7.9474E-06
 49-In-115-M  49115.      1.  1.0747E-04  7.9653E-06
 49-In-116    49116.      0.  9.6944E-11  3.8178E-11
 49-In-116-M  49116.      1.  2.9251E-10  8.2634E-11
 49-In-116-N  49116.      2.  1.4392E-10  5.6676E-11
 49-In-117    49117.      0.  7.9946E-05  1.0731E-05
 49-In-117-M  49117.      1.  9.0861E-05  1.2264E-05
 49-In-118    49118.      0.  1.4867E-04  3.6275E-05
 49-In-118-M  49118.      1.  1.4623E-07  5.0264E-08
 49-In-118-N  49118.      2.  7.2444E-08  3.0464E-08
 49-In-119    49119.      0.  5.7522E-05  9.6048E-06
 49-In-119-M  49119.      1.  1.0619E-04  1.5970E-05
 49-In-120    49120.      0.  1.4948E-04  2.3772E-05
 49-In-120-M  49120.      1.  1.7847E-06  6.7454E-07
 49-In-120-N  49120.      2.  1.7847E-06  6.7454E-07
 49-In-121    49121.      0.  9.0363E-05  4.9338E-06
 49-In-121-M  49121.      1.  3.7070E-05  4.4481E-06
 49-In-122    49122.      0.  1.6226E-04  1.3631E-05
 49-In-122-M  49122.      1.  9.1950E-06  3.1303E-06
 49-In-122-N  49122.      2.  9.1950E-06  3.1303E-06
 49-In-123    49123.      0.  1.0391E-04  6.7930E-06
 49-In-123-M  49123.      1.  2.7627E-05  3.4426E-06
 49-In-124    49124.      0.  1.7424E-04  1.3381E-05
 49-In-124-M  49124.      1.  3.5503E-05  8.8970E-06
 49-In-125    49125.      0.  2.0859E-04  1.2546E-05
 49-In-125-M  49125.      1.  4.3418E-05  5.8286E-06
 49-In-126    49126.      0.  3.0300E-04  2.3989E-05
 49-In-126-M  49126.      1.  1.0168E-04  2.0345E-05
 49-In-127    49127.      0.  4.3325E-04  6.5118E-05
 49-In-127-M  49127.      1.  2.4883E-04  3.4243E-05
 49-In-128    49128.      0.  5.0518E-04  7.5525E-05
 49-In-128-M  49128.      1.  2.0836E-04  3.7670E-05
 49-In-128-N  49128.      2.  3.7620E-04  8.8223E-05
 49-In-129    49129.      0.  8.3290E-04  1.9731E-04
 49-In-129-M  49129.      1.  1.9649E-04  4.9614E-05
 49-In-130    49130.      0.  1.5940E-04  4.8243E-05
 49-In-130-M  49130.      1.  1.6604E-04  5.3579E-05
 49-In-130-N  49130.      2.  2.8250E-04  9.0605E-05
 49-In-131    49131.      0.  6.8436E-05  2.2727E-05
 49-In-131-M  49131.      1.  6.7727E-05  2.2726E-05
 49-In-131-N  49131.      2.  6.7727E-05  2.2726E-05
 49-In-132    49132.      0.  1.0603E-05  3.6307E-06
 49-In-133    49133.      0.  5.7453E-07  1.7087E-07
 49-In-133-M  49133.      1.  1.0790E-07  3.8473E-08
 49-In-134    49134.      0.  6.9594E-09  2.6605E-09
 50-Sn-115    50115.      0.  5.3736E-06  6.1175E-07
 50-Sn-116    50116.      0.  3.8945E-10  9.2415E-11
 50-Sn-117    50117.      0.  1.2801E-04  1.6883E-05
 50-Sn-117-M  50117.      1.  2.7238E-07  4.0066E-08
 50-Sn-118    50118.      0.  1.4882E-04  3.6311E-05
 50-Sn-119    50119.      0.  1.5777E-04  2.2852E-05
 50-Sn-119-M  50119.      1.  5.1966E-05  8.7979E-06
 50-Sn-120    50120.      0.  1.5305E-04  2.4335E-05
 50-Sn-121    50121.      0.  1.2470E-04  5.7389E-06
 50-Sn-121-M  50121.      1.  1.0237E-05  1.0689E-06
 50-Sn-122    50122.      0.  1.8403E-04  1.5272E-05
 50-Sn-123    50123.      0.  1.2399E-05  1.8975E-06
 50-Sn-123-M  50123.      1.  1.2547E-04  7.0203E-06
 50-Sn-124    50124.      0.  2.4944E-04  1.5712E-05
 50-Sn-125    50125.      0.  6.8828E-05  9.5584E-06
 50-Sn-125-M  50125.      1.  2.3068E-04  1.1404E-05
 50-Sn-126    50126.      0.  5.7694E-04  1.8478E-05
 50-Sn-127    50127.      0.  5.4370E-04  5.7250E-05
 50-Sn-127-M  50127.      1.  6.6676E-04  4.6953E-05
 50-Sn-128    50128.      0.  3.1421E-03  8.9015E-05
 50-Sn-128-M  50128.      1.  1.9605E-03  9.9211E-05
 50-Sn-129    50129.      0.  2.6260E-03  1.8907E-04
 50-Sn-129-M  50129.      1.  4.1570E-03  2.2301E-04
 50-Sn-130    50130.      0.  4.0422E-03  4.6070E-04
 50-Sn-130-M  50130.      1.  8.7521E-03  7.9522E-04
 50-Sn-131    50131.      0.  3.4621E-03  5.8363E-04
 50-Sn-131-M  50131.      1.  8.1118E-03  1.1550E-03
 50-Sn-132    50132.      0.  7.3783E-03  1.5559E-03
 50-Sn-133    50133.      0.  9.5871E-04  3.2615E-04
 50-Sn-134    50134.      0.  1.0888E-04  4.1411E-05
 50-Sn-135    50135.      0.  9.9098E-06  3.6346E-06
 50-Sn-136    50136.      0.  8.9273E-07  3.1356E-07
 51-Sb-121    51121.      0.  1.2699E-04  5.8415E-06
 51-Sb-123    51123.      0.  1.3787E-04  7.5828E-06
 51-Sb-124    51124.      0.  6.3171E-11  1.3946E-11
 51-Sb-124-M  51124.      1.  4.8372E-11  1.2742E-11
 51-Sb-124-N  51124.      2.  2.7810E-11  1.0101E-11
 51-Sb-125    51125.      0.  3.0295E-04  1.2724E-05
 51-Sb-126    51126.      0.  3.7205E-06  1.0129E-06
 51-Sb-126-M  51126.      1.  5.1243E-06  1.2152E-06
 51-Sb-126-N  51126.      2.  2.9039E-06  9.6468E-07
 51-Sb-127    51127.      0.  1.2392E-03  5.4524E-05
 51-Sb-128    51128.      0.  3.2167E-03  9.0462E-05
 51-Sb-128-M  51128.      1.  1.2002E-04  3.7544E-05
 51-Sb-129    51129.      0.  5.8772E-03  1.8760E-04
 51-Sb-129-M  51129.      1.  2.5604E-03  1.8636E-04
 51-Sb-130    51130.      0.  1.0951E-02  7.6339E-04
 51-Sb-130-M  51130.      1.  6.9090E-03  7.2518E-04
 51-Sb-131    51131.      0.  2.4871E-02  5.7147E-04
 51-Sb-132    51132.      0.  1.9169E-02  1.6126E-03
 51-Sb-132-M  51132.      1.  8.6897E-03  1.2868E-03
 51-Sb-133    51133.      0.  2.5119E-02  3.0698E-03
 51-Sb-134    51134.      0.  2.0108E-03  6.4450E-04
 51-Sb-134-M  51134.      1.  4.4967E-03  1.4579E-03
 51-Sb-135    51135.      0.  1.4127E-03  4.9125E-04
 51-Sb-136    51136.      0.  2.1525E-04  7.4811E-05
 51-Sb-137    51137.      0.  2.2588E-05  8.0377E-06
 51-Sb-138    51138.      0.  3.9392E-07  1.4705E-07
 51-Sb-139    51139.      0.  1.2132E-08  4.3959E-09
 52-Te-124    52124.      0.  7.5264E-11  1.4516E-11
 52-Te-125    52125.      0.  3.0295E-04  1.2724E-05
 52-Te-125-M  52125.      1.  6.7791E-05  5.6132E-06
 52-Te-126    52126.      0.  8.1274E-06  1.4578E-06
 52-Te-127    52127.      0.  1.2361E-03  5.4391E-05
 52-Te-127-M  52127.      1.  2.0553E-04  1.9066E-05
 52-Te-128    52128.      0.  3.3378E-03  9.3460E-05
 52-Te-129    52129.      0.  6.9681E-03  1.8246E-04
 52-Te-129-M  52129.      1.  3.1600E-03  1.5819E-04
 52-Te-130    52130.      0.  1.8663E-02  1.0450E-03
 52-Te-131    52131.      0.  2.5200E-02  5.2620E-04
 52-Te-131-M  52131.      1.  5.0387E-03  8.4492E-04
 52-Te-132    52132.      0.  4.2900E-02  4.7304E-04
 52-Te-133    52133.      0.  3.7949E-02  1.9884E-03
 52-Te-133-M  52133.      1.  3.2195E-02  1.9878E-03
 52-Te-134    52134.      0.  6.9727E-02  1.0756E-03
 52-Te-135    52135.      0.  3.6003E-02  2.5943E-03
 52-Te-136    52136.      0.  1.6843E-02  3.1017E-03
 52-Te-137    52137.      0.  4.8555E-03  1.4738E-03
 52-Te-138    52138.      0.  1.1284E-03  4.0772E-04
 52-Te-139    52139.      0.  1.6978E-04  6.1219E-05
 52-Te-140    52140.      0.  2.4771E-05  8.7075E-06
 52-Te-141    52141.      0.  6.0694E-08  2.1093E-08
 52-Te-142    52142.      0.  2.3177E-09  8.2631E-10
 53-I -127    53127.      0.  1.2410E-03  5.4605E-05
 53-I -129    53129.      0.  8.1374E-03  2.0342E-04
 53-I -130    53130.      0.  2.0536E-06  5.9847E-07
 53-I -130-M  53130.      1.  6.4534E-07  2.3880E-07
 53-I -131    53131.      0.  2.9210E-02  4.0894E-04
 53-I -132    53132.      0.  4.3167E-02  4.7485E-04
 53-I -132-M  53132.      1.  1.2050E-04  4.1136E-05
 53-I -133    53133.      0.  6.6491E-02  1.1968E-03
 53-I -133-M  53133.      1.  7.5174E-04  2.6203E-04
 53-I -134    53134.      0.  7.7325E-02  1.0826E-03
 53-I -134-M  53134.      1.  3.2557E-03  1.1141E-03
 53-I -135    53135.      0.  6.0638E-02  1.7884E-03
 53-I -136    53136.      0.  2.6006E-02  2.7028E-03
 53-I -136-M  53136.      1.  2.1364E-02  2.5667E-03
 53-I -137    53137.      0.  3.1807E-02  2.7282E-03
 53-I -138    53138.      0.  1.3476E-02  3.0859E-03
 53-I -139    53139.      0.  7.5544E-03  2.1407E-03
 53-I -140    53140.      0.  1.9561E-03  6.4603E-04
 53-I -141    53141.      0.  4.6849E-04  1.6070E-04
 53-I -142    53142.      0.  4.6775E-05  1.6656E-05
 53-I -143    53143.      0.  4.3187E-06  1.6026E-06
 53-I -144    53144.      0.  7.4082E-09  2.7326E-09
 54-Xe-130    54130.      0.  2.1569E-06  6.0079E-07
 54-Xe-131    54131.      0.  2.9210E-02  4.0894E-04
 54-Xe-131-M  54131.      1.  3.1728E-04  3.2061E-05
 54-Xe-132    54132.      0.  4.3188E-02  4.7507E-04
 54-Xe-132-M  54132.      1.  1.8748E-06  6.4323E-07
 54-Xe-133    54133.      0.  6.6534E-02  1.1972E-03
 54-Xe-133-M  54133.      1.  1.9226E-03  1.5170E-04
 54-Xe-134    54134.      0.  7.7750E-02  1.0857E-03
 54-Xe-134-M  54134.      1.  3.2015E-04  9.6947E-05
 54-Xe-135    54135.      0.  6.3064E-02  1.8290E-03
 54-Xe-135-M  54135.      1.  1.1776E-02  1.2029E-03
 54-Xe-136    54136.      0.  6.5465E-02  1.2029E-03
 54-Xe-137    54137.      0.  6.0086E-02  6.5821E-04
 54-Xe-138    54138.      0.  6.3328E-02  7.6140E-04
 54-Xe-139    54139.      0.  5.0429E-02  1.1904E-03
 54-Xe-140    54140.      0.  4.0216E-02  1.9261E-03
 54-Xe-141    54141.      0.  1.9848E-02  3.0963E-03
 54-Xe-142    54142.      0.  6.8859E-03  1.9969E-03
 54-Xe-143    54143.      0.  1.8248E-03  6.4892E-04
 54-Xe-144    54144.      0.  3.1546E-04  1.1560E-04
 54-Xe-145    54145.      0.  3.1727E-05  1.0894E-05
 54-Xe-146    54146.      0.  5.5535E-06  1.8581E-06
 54-Xe-147    54147.      0.  5.3848E-10  1.8653E-10
 55-Cs-133    55133.      0.  6.6534E-02  1.1972E-03
 55-Cs-134    55134.      0.  1.7398E-08  4.7597E-09
 55-Cs-134-M  55134.      1.  7.3820E-09  2.8221E-09
 55-Cs-135    55135.      0.  6.3135E-02  1.8310E-03
 55-Cs-135-M  55135.      1.  3.4162E-07  1.2536E-07
 55-Cs-136    55136.      0.  2.9113E-05  8.2399E-06
 55-Cs-136-M  55136.      1.  1.3195E-05  4.6316E-06
 55-Cs-137    55137.      0.  6.0897E-02  6.3284E-04
 55-Cs-138    55138.      0.  6.6316E-02  7.3109E-04
 55-Cs-138-M  55138.      1.  1.9723E-03  6.8498E-04
 55-Cs-139    55139.      0.  6.2378E-02  5.7868E-04
 55-Cs-140    55140.      0.  5.8418E-02  8.0371E-04
 55-Cs-141    55141.      0.  4.8944E-02  1.3377E-03
 55-Cs-142    55142.      0.  3.0208E-02  2.6428E-03
 55-Cs-143    55143.      0.  1.7498E-02  3.2287E-03
 55-Cs-144    55144.      0.  5.4563E-03  1.2140E-03
 55-Cs-144-M  55144.      1.  3.4335E-03  1.1260E-03
 55-Cs-145    55145.      0.  1.9986E-03  6.3546E-04
 55-Cs-146    55146.      0.  3.2863E-04  1.0694E-04
 55-Cs-147    55147.      0.  6.6509E-05  2.2967E-05
 55-Cs-148    55148.      0.  2.7207E-06  1.0027E-06
 55-Cs-149    55149.      0.  2.8062E-09  9.9997E-10
 56-Ba-134    56134.      0.  1.7398E-08  4.7597E-09
 56-Ba-136    56136.      0.  3.6604E-05  8.5708E-06
 56-Ba-136-M  56136.      1.  6.2561E-07  2.1975E-07
 56-Ba-137    56137.      0.  6.0904E-02  6.3022E-04
 56-Ba-137-M  56137.      1.  5.7492E-02  7.9292E-04
 56-Ba-138    56138.      0.  6.6830E-02  7.3514E-04
 56-Ba-139    56139.      0.  6.3232E-02  5.7179E-04
 56-Ba-140    56140.      0.  6.3444E-02  6.3449E-04
 56-Ba-141    56141.      0.  5.8539E-02  8.1987E-04
 56-Ba-142    56142.      0.  5.8116E-02  7.5554E-04
 56-Ba-143    56143.      0.  5.7319E-02  7.3408E-04
 56-Ba-144    56144.      0.  4.8702E-02  6.0089E-04
 56-Ba-145    56145.      0.  2.5313E-02  1.1948E-03
 56-Ba-146    56146.      0.  1.1072E-02  1.6096E-03
 56-Ba-147    56147.      0.  3.9363E-03  1.0374E-03
 56-Ba-148    56148.      0.  8.7716E-04  3.0476E-04
 56-Ba-149    56149.      0.  1.2213E-04  4.2968E-05
 56-Ba-150    56150.      0.  1.0524E-05  3.4990E-06
 56-Ba-151    56151.      0.  6.6796E-09  2.1969E-09
 56-Ba-152    56152.      0.  1.0153E-10  3.5643E-11
 57-La-139    57139.      0.  6.3232E-02  5.7179E-04
 57-La-140    57140.      0.  6.3450E-02  6.3455E-04
 57-La-141    57141.      0.  5.8646E-02  8.2110E-04
 57-La-142    57142.      0.  5.8433E-02  7.5621E-04
 57-La-143    57143.      0.  5.9475E-02  7.1393E-04
 57-La-144    57144.      0.  5.4369E-02  4.8989E-04
 57-La-145    57145.      0.  3.8021E-02  4.2614E-04
 57-La-146    57146.      0.  1.5713E-02  1.2983E-03
 57-La-146-M  57146.      1.  8.3474E-03  1.1965E-03
 57-La-147    57147.      0.  1.3403E-02  9.5243E-04
 57-La-148    57148.      0.  5.5743E-03  9.6760E-04
 57-La-149    57149.      0.  1.9844E-03  5.0678E-04
 57-La-150    57150.      0.  4.9835E-04  1.4836E-04
 57-La-151    57151.      0.  8.6574E-05  2.7851E-05
 57-La-152    57152.      0.  1.1309E-05  3.9511E-06
 57-La-153    57153.      0.  2.2026E-08  8.5217E-09
 57-La-154    57154.      0.  1.3004E-10  5.5239E-11
 58-Ce-140    58140.      0.  6.3450E-02  6.3455E-04
 58-Ce-141    58141.      0.  5.8646E-02  8.2110E-04
 58-Ce-142    58142.      0.  5.8444E-02  7.5621E-04
 58-Ce-143    58143.      0.  5.9522E-02  7.1439E-04
 58-Ce-144    58144.      0.  5.4781E-02  4.9212E-04
 58-Ce-145    58145.      0.  3.9558E-02  3.9646E-04
 58-Ce-146    58146.      0.  2.9949E-02  2.9955E-04
 58-Ce-147    58147.      0.  2.2347E-02  3.8027E-04
 58-Ce-148    58148.      0.  1.6538E-02  1.2393E-04
 58-Ce-149    58149.      0.  9.2683E-03  2.1776E-04
 58-Ce-150    58150.      0.  4.7323E-03  1.4491E-04
 58-Ce-151    58151.      0.  1.8751E-03  2.2119E-04
 58-Ce-152    58152.      0.  5.2831E-04  1.3246E-04
 58-Ce-153    58153.      0.  7.9010E-05  2.8481E-05
 58-Ce-154    58154.      0.  8.3778E-06  3.5000E-06
 58-Ce-155    58155.      0.  1.7006E-08  7.1034E-09
 58-Ce-156    58156.      0.  3.7840E-10  1.4389E-10
 58-Ce-157    58157.      0.  1.5657E-12  5.6751E-13
 59-Pr-141    59141.      0.  5.8646E-02  8.2110E-04
 59-Pr-143    59143.      0.  5.9522E-02  7.1439E-04
 59-Pr-144    59144.      0.  5.4780E-02  4.9212E-04
 59-Pr-144-M  59144.      1.  7.5595E-04  5.7122E-05
 59-Pr-145    59145.      0.  3.9560E-02  3.9646E-04
 59-Pr-146    59146.      0.  2.9969E-02  2.9971E-04
 59-Pr-147    59147.      0.  2.2464E-02  3.8189E-04
 59-Pr-148    59148.      0.  1.6610E-02  1.2156E-04
 59-Pr-148-M  59148.      1.  3.0243E-04  1.0115E-04
 59-Pr-149    59149.      0.  1.0230E-02  2.1491E-04
 59-Pr-150    59150.      0.  6.3058E-03  6.7242E-05
 59-Pr-151    59151.      0.  3.7162E-03  1.1400E-04
 59-Pr-152    59152.      0.  1.5893E-03  1.0503E-04
 59-Pr-153    59153.      0.  5.5369E-04  8.6725E-05
 59-Pr-154    59154.      0.  1.2136E-04  3.6161E-05
 59-Pr-155    59155.      0.  2.6209E-05  9.3523E-06
 59-Pr-156    59156.      0.  2.9165E-06  1.0650E-06
 59-Pr-157    59157.      0.  3.1518E-08  1.1414E-08
 59-Pr-158    59158.      0.  2.1533E-10  8.6350E-11
 59-Pr-159    59159.      0.  3.7559E-12  1.3864E-12
 60-Nd-143    60143.      0.  5.9522E-02  7.1439E-04
 60-Nd-144    60144.      0.  5.4781E-02  4.9212E-04
 60-Nd-145    60145.      0.  3.9560E-02  3.9646E-04
 60-Nd-146    60146.      0.  2.9969E-02  2.9971E-04
 60-Nd-147    60147.      0.  2.2465E-02  3.8191E-04
 60-Nd-148    60148.      0.  1.6927E-02  1.1830E-04
 60-Nd-149    60149.      0.  1.0276E-02  2.1579E-04
 60-Nd-150    60150.      0.  6.5377E-03  6.5391E-05
 60-Nd-151    60151.      0.  4.2889E-03  1.0293E-04
 60-Nd-152    60152.      0.  2.5328E-03  3.0417E-05
 60-Nd-153    60153.      0.  1.4471E-03  4.7832E-05
 60-Nd-154    60154.      0.  7.0198E-04  2.2639E-05
 60-Nd-155    60155.      0.  2.6926E-04  1.0252E-05
 60-Nd-156    60156.      0.  9.1824E-05  4.0989E-06
 60-Nd-157    60157.      0.  2.2803E-05  3.9879E-06
 60-Nd-158    60158.      0.  2.9959E-06  9.4341E-07
 60-Nd-159    60159.      0.  1.1725E-08  4.3184E-09
 60-Nd-160    60160.      0.  4.9816E-10  7.9047E-10
 61-Pm-147    61147.      0.  2.2465E-02  3.8191E-04
 61-Pm-149    61149.      0.  1.0276E-02  2.1579E-04
 61-Pm-150    61150.      0.  9.5514E-07  3.1881E-07
 61-Pm-151    61151.      0.  4.2900E-03  1.0294E-04
 61-Pm-152    61152.      0.  2.5345E-03  3.0429E-05
 61-Pm-152-M  61152.      1.  3.4457E-06  1.2426E-06
 61-Pm-152-N  61152.      2.  3.8113E-06  1.3742E-06
 61-Pm-153    61153.      0.  1.4674E-03  4.8424E-05
 61-Pm-154    61154.      0.  7.1668E-04  2.2980E-05
 61-Pm-154-M  61154.      1.  1.4698E-05  6.7583E-06
 61-Pm-155    61155.      0.  3.0282E-04  1.0929E-05
 61-Pm-156    61156.      0.  1.2674E-04  2.2333E-06
 61-Pm-157    61157.      0.  5.0185E-05  4.0539E-06
 61-Pm-158    61158.      0.  8.9152E-06  1.6326E-06
 61-Pm-159    61159.      0.  3.0573E-06  6.4428E-07
 61-Pm-160    61160.      0.  1.3336E-07  2.0797E-07
 61-Pm-161    61161.      0.  3.2081E-09  1.2202E-09
 61-Pm-162    61162.      0.  2.0371E-10  3.0957E-10
 61-Pm-163    61163.      0.  5.5570E-12  8.2677E-12
 62-Sm-147    62147.      0.  2.2465E-02  3.8191E-04
 62-Sm-149    62149.      0.  1.0276E-02  2.1579E-04
 62-Sm-150    62150.      0.  9.5514E-07  3.1881E-07
 62-Sm-151    62151.      0.  4.2900E-03  1.0294E-04
 62-Sm-152    62152.      0.  2.5417E-03  3.0501E-05
 62-Sm-153    62153.      0.  1.4674E-03  4.8426E-05
 62-Sm-153-M  62153.      1.  3.3810E-08  1.3083E-08
 62-Sm-154    62154.      0.  7.3231E-04  2.3434E-05
 62-Sm-155    62155.      0.  3.1142E-04  1.1207E-05
 62-Sm-156    62156.      0.  1.3431E-04  2.1489E-06
 62-Sm-157    62157.      0.  6.5924E-05  4.6148E-06
 62-Sm-158    62158.      0.  1.9209E-05  2.5939E-06
 62-Sm-159    62159.      0.  9.1381E-06  5.8929E-07
 62-Sm-160    62160.      0.  3.6283E-06  4.2331E-06
 62-Sm-161    62161.      0.  4.4422E-07  5.4856E-08
 62-Sm-162    62162.      0.  8.2945E-08  1.1662E-07
 62-Sm-163    62163.      0.  3.5326E-09  5.2103E-09
 62-Sm-164    62164.      0.  2.2718E-10  3.3573E-10
 62-Sm-165    62165.      0.  3.7584E-12  5.5142E-12
 63-Eu-151    63151.      0.  4.2900E-03  1.0294E-04
 63-Eu-153    63153.      0.  1.4674E-03  4.8426E-05
 63-Eu-154    63154.      0.  5.7794E-11  1.7433E-11
 63-Eu-154-M  63154.      1.  2.7389E-11  1.1635E-11
 63-Eu-155    63155.      0.  3.1142E-04  1.1207E-05
 63-Eu-156    63156.      0.  1.3432E-04  2.1492E-06
 63-Eu-157    63157.      0.  6.6185E-05  4.6329E-06
 63-Eu-158    63158.      0.  1.9595E-05  2.6453E-06
 63-Eu-159    63159.      0.  1.0633E-05  6.4861E-07
 63-Eu-160    63160.      0.  4.3268E-06  4.9977E-06
 63-Eu-161    63161.      0.  7.9123E-07  6.4967E-08
 63-Eu-162    63162.      0.  3.9807E-07  4.3561E-07
 63-Eu-163    63163.      0.  1.4610E-07  1.6223E-07
 63-Eu-164    63164.      0.  1.3201E-08  1.8073E-08
 63-Eu-165    63165.      0.  2.6921E-09  3.8163E-09
 63-Eu-166    63166.      0.  9.4087E-11  1.3733E-10
 63-Eu-167    63167.      0.  4.5226E-12  6.6393E-12
 64-Gd-154    64154.      0.  5.7782E-11  1.7429E-11
 64-Gd-155    64155.      0.  3.1142E-04  1.1207E-05
 64-Gd-156    64156.      0.  1.3432E-04  2.1492E-06
 64-Gd-157    64157.      0.  6.6185E-05  4.6329E-06
 64-Gd-158    64158.      0.  1.9596E-05  2.6454E-06
 64-Gd-159    64159.      0.  1.0639E-05  6.4897E-07
 64-Gd-160    64160.      0.  4.3804E-06  5.0594E-06
 64-Gd-161    64161.      0.  8.1282E-07  6.6652E-08
 64-Gd-162    64162.      0.  5.9313E-07  6.2694E-07
 64-Gd-163    64163.      0.  2.4632E-07  2.5254E-07
 64-Gd-164    64164.      0.  9.9115E-08  1.0055E-07
 64-Gd-165    64165.      0.  2.4509E-08  2.6780E-08
 64-Gd-166    64166.      0.  8.5788E-09  9.8663E-09
 64-Gd-167    64167.      0.  6.0295E-10  8.4523E-10
 64-Gd-168    64168.      0.  8.4457E-11  1.2192E-10
 64-Gd-169    64169.      0.  2.4667E-12  3.6022E-12
 65-Tb-159    65159.      0.  1.0639E-05  6.4897E-07
 65-Tb-160    65160.      0.  1.8517E-11  2.9384E-11
 65-Tb-161    65161.      0.  8.1292E-07  6.6658E-08
 65-Tb-162    65162.      0.  5.9446E-07  6.2834E-07
 65-Tb-163    65163.      0.  2.5412E-07  2.6045E-07
 65-Tb-164    65164.      0.  1.0758E-07  1.0887E-07
 65-Tb-165    65165.      0.  4.5134E-08  4.5451E-08
 65-Tb-166    65166.      0.  1.7631E-08  1.7731E-08
 65-Tb-167    65167.      0.  6.7842E-09  6.8769E-09
 65-Tb-168    65168.      0.  1.2028E-09  1.4212E-09
 65-Tb-169    65169.      0.  3.8138E-10  4.7938E-10
 65-Tb-170    65170.      0.  2.0000E-11  2.8777E-11
 65-Tb-171    65171.      0.  2.0980E-12  3.0608E-12
 66-Dy-160    66160.      0.  1.8517E-11  2.9384E-11
 66-Dy-161    66161.      0.  8.1292E-07  6.6658E-08
 66-Dy-162    66162.      0.  5.9446E-07  6.2834E-07
 66-Dy-163    66163.      0.  2.5413E-07  2.6045E-07
 66-Dy-164    66164.      0.  1.0767E-07  1.0896E-07
 66-Dy-165    66165.      0.  4.5450E-08  4.5768E-08
 66-Dy-165-M  66165.      1.  4.1988E-11  6.1558E-11
 66-Dy-166    66166.      0.  1.9156E-08  1.9233E-08
 66-Dy-167    66167.      0.  8.0461E-09  8.0702E-09
 66-Dy-168    66168.      0.  3.3429E-09  3.3498E-09
 66-Dy-169    66169.      0.  1.2085E-09  1.2194E-09
 66-Dy-170    66170.      0.  4.5928E-10  4.7206E-10
 66-Dy-171    66171.      0.  6.3951E-11  8.0396E-11
 66-Dy-172    66172.      0.  1.6940E-11  2.2625E-11
 67-Ho-165    67165.      0.  4.5451E-08  4.5768E-08
 67-Ho-166    67166.      0.  1.9157E-08  1.9234E-08
 67-Ho-166-M  67166.      1.  1.5702E-12  2.2983E-12
 67-Ho-167    67167.      0.  8.0691E-09  8.0932E-09
 67-Ho-168    67168.      0.  3.3973E-09  3.4041E-09
 67-Ho-168-M  67168.      1.  3.2014E-11  4.6610E-11
 67-Ho-169    67169.      0.  1.4296E-09  1.4325E-09
 67-Ho-170    67170.      0.  9.6094E-11  1.2839E-10
 67-Ho-170-M  67170.      1.  5.0031E-10  5.0694E-10
 67-Ho-171    67171.      0.  2.4351E-10  2.4412E-10
 67-Ho-172    67172.      0.  7.4519E-11  7.6914E-11
 67-Ho-173    67173.      0.  2.6367E-11  2.8642E-11
 67-Ho-174    67174.      0.  2.5281E-12  3.4340E-12
 68-Er-166    68166.      0.  1.9157E-08  1.9234E-08
 68-Er-167    68167.      0.  8.0691E-09  8.0932E-09
 68-Er-167-M  68167.      1.  9.6419E-10  1.1780E-09
 68-Er-168    68168.      0.  3.3974E-09  3.4042E-09
 68-Er-169    68169.      0.  1.4296E-09  1.4325E-09
 68-Er-170    68170.      0.  6.0208E-10  6.0328E-10
 68-Er-171    68171.      0.  2.5345E-10  2.5396E-10
 68-Er-172    68172.      0.  1.0647E-10  1.0668E-10
 68-Er-173    68173.      0.  4.3033E-11  4.3140E-11
 68-Er-174    68174.      0.  1.7527E-11  1.7545E-11
 68-Er-175    68175.      0.  3.9805E-12  4.4765E-12
 68-Er-176    68176.      0.  1.5845E-12  1.7949E-12
 69-Tm-169    69169.      0.  1.4296E-09  1.4325E-09
 69-Tm-171    69171.      0.  2.5345E-10  2.5396E-10
 69-Tm-172    69172.      0.  1.0647E-10  1.0668E-10
 69-Tm-173    69173.      0.  4.4181E-11  4.4273E-11
 69-Tm-174    69174.      0.  1.8847E-11  1.8828E-11
 69-Tm-175    69175.      0.  7.3616E-12  7.3873E-12
 69-Tm-176    69176.      0.  3.1031E-12  3.0952E-12
 69-Tm-177    69177.      0.  1.0890E-12  1.1184E-12
 70-Yb-171    70171.      0.  2.5345E-10  2.5396E-10
 70-Yb-172    70172.      0.  1.0647E-10  1.0668E-10
 70-Yb-173    70173.      0.  4.4181E-11  4.4273E-11
 70-Yb-174    70174.      0.  1.8847E-11  1.8828E-11
 70-Yb-175    70175.      0.  7.3616E-12  7.3834E-12
 70-Yb-175-M  70175.      1.  5.6684E-12  5.8022E-12
 70-Yb-176    70176.      0.  2.9479E-12  2.9418E-12
 70-Yb-176-M  70176.      1.  1.5515E-12  1.6591E-12
 70-Yb-177    70177.      0.  1.0890E-12  1.1184E-12
 70-Yb-177-M  70177.      1.  1.0890E-12  1.1184E-12
 71-Lu-175    71175.      0.  7.3616E-12  7.3834E-12
 71-Lu-177    71177.      0.  1.0890E-12  1.1184E-12
 72-Hf-177    72177.      0.  1.0890E-12  1.1184E-12
