  1-H -  1     1001.      0.  1.7110E-05  2.9483E-06
  1-H -  2     1002.      0.  8.4000E-06  2.4389E-06
  1-H -  3     1003.      0.  1.0800E-04  5.8635E-06
  2-He-  3     2003.      0.  0.0000E+00  0.0000E+00
  2-He-  4     2004.      0.  1.7000E-03  8.1347E-05
  2-He-  6     2006.      0.  2.6680E-05  4.8784E-06
  3-Li-  6     3006.      0.  0.0000E+00  0.0000E+00
  3-Li-  8     3008.      0.  7.2920E-07  2.3680E-07
  3-Li-  9     3009.      0.  4.0710E-07  1.0491E-07
  4-Be-  8     4008.      0.  7.2920E-07  1.6507E-07
  4-Be-  9     4009.      0.  4.0710E-07  1.6535E-07
  4-Be- 10     4010.      0.  5.2010E-06  9.0853E-07
  4-Be- 12     4012.      0.  1.2610E-07  4.4982E-08
  5-B -  9     5009.      0.  4.0710E-07  1.1018E-07
  5-B - 10     5010.      0.  5.2010E-06  8.9948E-07
  5-B - 12     5012.      0.  1.2610E-07  5.5747E-08
  6-C - 12     6012.      0.  0.0000E+00  0.0000E+00
  6-C - 14     6014.      0.  1.5780E-06  1.6342E-06
  6-C - 15     6015.      0.  2.5280E-07  2.5523E-07
  7-N - 15     7015.      0.  0.0000E+00  0.0000E+00
 10-Ne- 21    10021.      0.  2.1460E-06  2.2368E-06
 22-Ti- 56    22056.      0.  1.0104E-12  1.0410E-12
 23-V - 56    23056.      0.  1.3121E-12  1.3385E-12
 23-V - 57    23057.      0.  4.1709E-12  4.1979E-12
 23-V - 58    23058.      0.  3.4908E-12  3.6424E-12
 23-V - 59    23059.      0.  5.7807E-12  6.0389E-12
 23-V - 60    23060.      0.  1.4853E-12  1.5858E-12
 24-Cr- 56    24056.      0.  0.0000E+00  0.0000E+00
 24-Cr- 57    24057.      0.  1.0236E-12  1.0809E-12
 24-Cr- 58    24058.      0.  7.8820E-12  7.9680E-12
 24-Cr- 59    24059.      0.  1.4760E-11  1.4960E-11
 24-Cr- 60    24060.      0.  3.7993E-11  3.8325E-11
 24-Cr- 61    24061.      0.  2.5325E-11  2.6636E-11
 24-Cr- 62    24062.      0.  3.3905E-11  3.5652E-11
 24-Cr- 63    24063.      0.  7.3683E-12  7.8462E-12
 24-Cr- 64    24064.      0.  2.4833E-12  2.6660E-12
 25-Mn- 56    25056.      0.  0.0000E+00  0.0000E+00
 25-Mn- 57    25057.      0.  0.0000E+00  0.0000E+00
 25-Mn- 58    25058.      0.  0.0000E+00  0.0000E+00
 25-Mn- 59    25059.      0.  4.6296E-12  4.8545E-12
 25-Mn- 60    25060.      0.  1.3770E-12  1.4437E-12
 25-Mn- 60-M  25060.      1.  1.2230E-11  1.2822E-11
 25-Mn- 61    25061.      0.  8.3200E-11  8.3835E-11
 25-Mn- 62    25062.      0.  1.0969E-10  1.1161E-10
 25-Mn- 62-M  25062.      1.  1.9692E-11  2.0037E-11
 25-Mn- 63    25063.      0.  2.9357E-10  2.9866E-10
 25-Mn- 64    25064.      0.  1.3724E-10  1.4593E-10
 25-Mn- 65    25065.      0.  1.4878E-10  1.5758E-10
 25-Mn- 66    25066.      0.  2.7372E-11  2.9111E-11
 25-Mn- 67    25067.      0.  7.1178E-12  7.6280E-12
 26-Fe- 56    26056.      0.  0.0000E+00  0.0000E+00
 26-Fe- 57    26057.      0.  0.0000E+00  0.0000E+00
 26-Fe- 58    26058.      0.  0.0000E+00  0.0000E+00
 26-Fe- 59    26059.      0.  0.0000E+00  0.0000E+00
 26-Fe- 60    26060.      0.  0.0000E+00  0.0000E+00
 26-Fe- 61    26061.      0.  5.2697E-12  5.6210E-12
 26-Fe- 62    26062.      0.  8.0244E-11  8.3065E-11
 26-Fe- 63    26063.      0.  2.0380E-10  2.1042E-10
 26-Fe- 64    26064.      0.  8.8386E-10  8.8805E-10
 26-Fe- 65    26065.      0.  1.1534E-09  1.1793E-09
 26-Fe- 66    26066.      0.  2.3106E-09  2.3671E-09
 26-Fe- 67    26067.      0.  8.6294E-10  9.1901E-10
 26-Fe- 68    26068.      0.  6.6088E-10  7.0272E-10
 26-Fe- 69    26069.      0.  1.0385E-10  1.1024E-10
 26-Fe- 70    26070.      0.  1.9930E-11  2.1250E-11
 27-Co- 59    27059.      0.  0.0000E+00  0.0000E+00
 27-Co- 61    27061.      0.  0.0000E+00  0.0000E+00
 27-Co- 62    27062.      0.  0.0000E+00  0.0000E+00
 27-Co- 63    27063.      0.  1.5633E-11  1.6626E-11
 27-Co- 64    27064.      0.  8.4623E-11  9.0321E-11
 27-Co- 65    27065.      0.  1.0463E-09  1.0739E-09
 27-Co- 66    27066.      0.  2.3309E-09  2.3872E-09
 27-Co- 67    27067.      0.  8.2736E-09  8.3154E-09
 27-Co- 68    27068.      0.  4.2208E-09  4.3733E-09
 27-Co- 68-M  27068.      1.  3.7235E-09  3.8580E-09
 27-Co- 69    27069.      0.  1.4144E-08  1.4667E-08
 27-Co- 70    27070.      0.  2.0090E-09  2.1357E-09
 27-Co- 70-M  27070.      1.  2.0090E-09  2.1357E-09
 27-Co- 71    27071.      0.  2.3729E-09  2.5103E-09
 27-Co- 72    27072.      0.  3.0293E-10  3.1570E-10
 27-Co- 73    27073.      0.  4.6362E-11  1.9097E-11
 27-Co- 74    27074.      0.  2.4020E-12  9.7720E-13
 28-Ni- 61    28061.      0.  0.0000E+00  0.0000E+00
 28-Ni- 62    28062.      0.  0.0000E+00  0.0000E+00
 28-Ni- 63    28063.      0.  0.0000E+00  0.0000E+00
 28-Ni- 64    28064.      0.  0.0000E+00  0.0000E+00
 28-Ni- 65    28065.      0.  1.5299E-11  1.6277E-11
 28-Ni- 66    28066.      0.  3.6946E-10  3.9080E-10
 28-Ni- 67    28067.      0.  1.5720E-09  1.6653E-09
 28-Ni- 68    28068.      0.  1.3978E-08  1.4160E-08
 28-Ni- 69    28069.      0.  1.3950E-08  1.4122E-08
 28-Ni- 69-M  28069.      1.  1.3950E-08  1.4122E-08
 28-Ni- 70    28070.      0.  7.7917E-08  7.8073E-08
 28-Ni- 71    28071.      0.  6.0176E-08  6.2349E-08
 28-Ni- 72    28072.      0.  9.0226E-08  9.2617E-08
 28-Ni- 73    28073.      0.  2.0968E-08  8.5417E-09
 28-Ni- 74    28074.      0.  1.4131E-08  5.7360E-09
 28-Ni- 75    28075.      0.  1.0069E-09  3.7796E-10
 28-Ni- 76    28076.      0.  5.1404E-10  1.9509E-10
 28-Ni- 77    28077.      0.  1.2128E-11  4.2608E-12
 29-Cu- 63    29063.      0.  0.0000E+00  0.0000E+00
 29-Cu- 65    29065.      0.  0.0000E+00  0.0000E+00
 29-Cu- 66    29066.      0.  0.0000E+00  0.0000E+00
 29-Cu- 67    29067.      0.  2.6349E-11  2.8234E-11
 29-Cu- 68    29068.      0.  9.6836E-11  1.0309E-10
 29-Cu- 68-M  29068.      1.  2.2681E-10  2.4145E-10
 29-Cu- 69    29069.      0.  6.7139E-09  7.0499E-09
 29-Cu- 70    29070.      0.  1.6519E-09  1.7325E-09
 29-Cu- 70-M  29070.      1.  1.8403E-08  1.9301E-08
 29-Cu- 70-N  29070.      2.  1.6519E-09  1.7325E-09
 29-Cu- 71    29071.      0.  1.5372E-07  1.5371E-07
 29-Cu- 72    29072.      0.  2.6393E-07  2.6279E-07
 29-Cu- 73    29073.      0.  6.2762E-07  1.5100E-07
 29-Cu- 74    29074.      0.  6.4003E-07  2.3255E-07
 29-Cu- 75    29075.      0.  4.9749E-07  1.7943E-07
 29-Cu- 76    29076.      0.  1.9691E-07  7.4320E-08
 29-Cu- 76-M  29076.      1.  1.9691E-07  7.4320E-08
 29-Cu- 77    29077.      0.  1.1284E-07  3.9598E-08
 29-Cu- 78    29078.      0.  8.7360E-09  2.9324E-09
 29-Cu- 79    29079.      0.  1.0631E-09  3.5382E-10
 29-Cu- 80    29080.      0.  3.3921E-11  1.0557E-11
 30-Zn- 66    30066.      0.  0.0000E+00  0.0000E+00
 30-Zn- 67    30067.      0.  0.0000E+00  0.0000E+00
 30-Zn- 68    30068.      0.  0.0000E+00  0.0000E+00
 30-Zn- 69    30069.      0.  3.8377E-12  4.0743E-12
 30-Zn- 69-M  30069.      1.  1.6597E-11  1.7621E-11
 30-Zn- 70    30070.      0.  7.8558E-10  8.3717E-10
 30-Zn- 71    30071.      0.  1.3876E-09  1.4654E-09
 30-Zn- 71-M  30071.      1.  6.0013E-09  6.3376E-09
 30-Zn- 72    30072.      0.  1.2653E-07  1.2909E-07
 30-Zn- 73    30073.      0.  3.3574E-08  1.1097E-08
 30-Zn- 73-M  30073.      1.  4.5896E-08  1.5169E-08
 30-Zn- 73-N  30073.      2.  2.6000E-07  8.5934E-08
 30-Zn- 74    30074.      0.  2.5591E-06  4.5668E-07
 30-Zn- 75    30075.      0.  5.2354E-06  8.7670E-07
 30-Zn- 76    30076.      0.  2.8681E-05  5.6507E-06
 30-Zn- 77    30077.      0.  1.5594E-05  4.4681E-06
 30-Zn- 77-M  30077.      1.  2.3839E-06  6.8304E-07
 30-Zn- 78    30078.      0.  3.3796E-05  9.3408E-06
 30-Zn- 79    30079.      0.  6.9750E-06  2.2530E-06
 30-Zn- 80    30080.      0.  2.2625E-06  6.9814E-07
 30-Zn- 81    30081.      0.  2.0910E-08  6.8915E-09
 30-Zn- 82    30082.      0.  1.2083E-09  4.1677E-10
 31-Ga- 69    31069.      0.  0.0000E+00  0.0000E+00
 31-Ga- 71    31071.      0.  2.4756E-11  2.6211E-11
 31-Ga- 72    31072.      0.  5.6971E-10  5.9370E-10
 31-Ga- 72-M  31072.      1.  6.4147E-11  6.6848E-11
 31-Ga- 73    31073.      0.  1.9539E-08  7.9657E-09
 31-Ga- 74    31074.      0.  1.0518E-07  4.1351E-08
 31-Ga- 74-M  31074.      1.  1.0518E-07  4.1351E-08
 31-Ga- 75    31075.      0.  2.0646E-06  6.4106E-07
 31-Ga- 76    31076.      0.  1.1273E-05  3.6000E-06
 31-Ga- 77    31077.      0.  3.4403E-05  7.7480E-06
 31-Ga- 78    31078.      0.  6.3249E-05  1.4821E-05
 31-Ga- 79    31079.      0.  1.0958E-04  2.4013E-05
 31-Ga- 80    31080.      0.  1.2845E-04  2.6337E-05
 31-Ga- 81    31081.      0.  4.3397E-05  1.2437E-05
 31-Ga- 82    31082.      0.  1.5705E-05  5.1222E-06
 31-Ga- 83    31083.      0.  4.8588E-07  1.9277E-07
 31-Ga- 84    31084.      0.  1.4445E-08  6.5125E-09
 31-Ga- 85    31085.      0.  4.7349E-10  1.8567E-10
 32-Ge- 72    32072.      0.  0.0000E+00  0.0000E+00
 32-Ge- 73    32073.      0.  9.3322E-12  3.8442E-12
 32-Ge- 73-M  32073.      1.  2.1578E-12  8.8888E-13
 32-Ge- 74    32074.      0.  1.5715E-09  6.3916E-10
 32-Ge- 75    32075.      0.  6.9153E-08  2.4950E-08
 32-Ge- 75-M  32075.      1.  4.5237E-07  1.6321E-07
 32-Ge- 76    32076.      0.  7.3046E-06  2.5578E-06
 32-Ge- 77    32077.      0.  2.7857E-05  6.8662E-06
 32-Ge- 77-M  32077.      1.  4.2586E-06  1.0496E-06
 32-Ge- 78    32078.      0.  1.0549E-04  1.8250E-05
 32-Ge- 79    32079.      0.  4.3938E-05  5.4236E-06
 32-Ge- 79-M  32079.      1.  2.8742E-04  3.5478E-05
 32-Ge- 80    32080.      0.  8.8028E-04  8.8024E-05
 32-Ge- 81    32081.      0.  8.4509E-04  1.3997E-04
 32-Ge- 81-M  32081.      1.  1.9541E-04  3.2364E-05
 32-Ge- 82    32082.      0.  7.6342E-04  2.2939E-04
 32-Ge- 83    32083.      0.  3.2541E-04  1.4910E-04
 32-Ge- 84    32084.      0.  1.1412E-04  5.5630E-05
 32-Ge- 85    32085.      0.  3.2158E-05  1.2829E-05
 32-Ge- 86    32086.      0.  8.6650E-06  3.0051E-06
 32-Ge- 87    32087.      0.  7.6601E-09  2.7375E-09
 33-As- 75    33075.      0.  3.3231E-12  1.2475E-12
 33-As- 75-M  33075.      1.  1.0872E-11  4.0813E-12
 33-As- 76    33076.      0.  2.3177E-09  8.7962E-10
 33-As- 77    33077.      0.  1.3340E-07  4.6829E-08
 33-As- 78    33078.      0.  2.0733E-06  6.9308E-07
 33-As- 79    33079.      0.  2.2153E-05  7.2449E-06
 33-As- 80    33080.      0.  2.2488E-04  6.2906E-05
 33-As- 81    33081.      0.  6.8459E-04  1.5483E-04
 33-As- 82    33082.      0.  3.5971E-04  6.6695E-05
 33-As- 82-M  33082.      1.  1.0855E-03  2.0127E-04
 33-As- 83    33083.      0.  1.7613E-03  4.7103E-04
 33-As- 84    33084.      0.  5.2630E-04  2.4516E-04
 33-As- 84-M  33084.      1.  5.2630E-04  2.4516E-04
 33-As- 85    33085.      0.  8.3538E-04  3.5330E-04
 33-As- 86    33086.      0.  3.8187E-04  1.3810E-04
 33-As- 87    33087.      0.  1.3912E-04  5.0853E-05
 33-As- 88    33088.      0.  1.5670E-05  6.0665E-06
 33-As- 89    33089.      0.  2.0663E-06  8.0664E-07
 33-As- 90    33090.      0.  2.5179E-09  9.6213E-10
 34-Se- 76    34076.      0.  0.0000E+00  0.0000E+00
 34-Se- 77    34077.      0.  1.8762E-12  6.5914E-13
 34-Se- 77-M  34077.      1.  1.2273E-11  4.3118E-12
 34-Se- 78    34078.      0.  2.9820E-09  1.0010E-09
 34-Se- 79    34079.      0.  1.4854E-06  4.9365E-07
 34-Se- 79-M  34079.      1.  2.2708E-07  7.5465E-08
 34-Se- 80    34080.      0.  1.8041E-05  5.5617E-06
 34-Se- 81    34081.      0.  2.1809E-05  6.5339E-06
 34-Se- 81-M  34081.      1.  1.4266E-04  4.2741E-05
 34-Se- 82    34082.      0.  1.0024E-03  2.2307E-04
 34-Se- 83    34083.      0.  2.7263E-03  3.9705E-04
 34-Se- 83-M  34083.      1.  6.3039E-04  9.1808E-05
 34-Se- 84    34084.      0.  8.3885E-03  5.9479E-04
 34-Se- 85    34085.      0.  9.7447E-03  9.4316E-04
 34-Se- 86    34086.      0.  9.8700E-03  1.6452E-03
 34-Se- 87    34087.      0.  5.4464E-03  1.7074E-03
 34-Se- 88    34088.      0.  2.7005E-03  1.1068E-03
 34-Se- 89    34089.      0.  7.8350E-04  3.1501E-04
 34-Se- 90    34090.      0.  2.1813E-04  8.4113E-05
 34-Se- 91    34091.      0.  1.7631E-05  6.2171E-06
 34-Se- 92    34092.      0.  2.0220E-06  7.0354E-07
 35-Br- 79    35079.      0.  4.7859E-12  1.5929E-12
 35-Br- 79-M  35079.      1.  1.5658E-11  5.2115E-12
 35-Br- 80    35080.      0.  3.6305E-10  1.1298E-10
 35-Br- 80-M  35080.      1.  1.0956E-09  3.4095E-10
 35-Br- 81    35081.      0.  1.2978E-07  4.2772E-08
 35-Br- 82    35082.      0.  1.9070E-06  6.5690E-07
 35-Br- 82-M  35082.      1.  8.1415E-07  2.8046E-07
 35-Br- 83    35083.      0.  7.1707E-05  2.7881E-05
 35-Br- 84    35084.      0.  1.8606E-04  7.8900E-05
 35-Br- 84-M  35084.      1.  1.8606E-04  7.8900E-05
 35-Br- 85    35085.      0.  2.4918E-03  7.6250E-04
 35-Br- 86    35086.      0.  7.1381E-03  1.5026E-03
 35-Br- 87    35087.      0.  1.2767E-02  2.1600E-03
 35-Br- 88    35088.      0.  1.1024E-02  2.8594E-03
 35-Br- 89    35089.      0.  9.6596E-03  3.0997E-03
 35-Br- 90    35090.      0.  4.6522E-03  1.7516E-03
 35-Br- 91    35091.      0.  2.0130E-03  7.1239E-04
 35-Br- 92    35092.      0.  3.0262E-04  1.0547E-04
 35-Br- 93    35093.      0.  6.2514E-05  2.2516E-05
 35-Br- 94    35094.      0.  3.4704E-06  1.3117E-06
 35-Br- 95    35095.      0.  7.2593E-09  2.6968E-09
 36-Kr- 80    36080.      0.  0.0000E+00  0.0000E+00
 36-Kr- 82    36082.      0.  6.7125E-10  2.3154E-10
 36-Kr- 83    36083.      0.  2.2426E-08  8.9155E-09
 36-Kr- 83-M  36083.      1.  5.1853E-09  2.0615E-09
 36-Kr- 84    36084.      0.  2.8934E-05  1.2975E-05
 36-Kr- 85    36085.      0.  1.5061E-04  5.7804E-05
 36-Kr- 85-M  36085.      1.  3.4824E-05  1.3366E-05
 36-Kr- 86    36086.      0.  2.2424E-03  6.5874E-04
 36-Kr- 87    36087.      0.  6.9073E-03  1.6833E-03
 36-Kr- 88    36088.      0.  2.0639E-02  3.0085E-03
 36-Kr- 89    36089.      0.  3.4248E-02  3.5244E-03
 36-Kr- 90    36090.      0.  4.3094E-02  3.8316E-03
 36-Kr- 91    36091.      0.  3.0849E-02  4.9295E-03
 36-Kr- 92    36092.      0.  1.7361E-02  4.4247E-03
 36-Kr- 93    36093.      0.  6.1399E-03  2.1089E-03
 36-Kr- 94    36094.      0.  1.8006E-03  6.7609E-04
 36-Kr- 95    36095.      0.  2.7008E-04  1.0029E-04
 36-Kr- 96    36096.      0.  4.1898E-05  1.5137E-05
 36-Kr- 97    36097.      0.  4.3988E-06  1.5421E-06
 36-Kr- 98    36098.      0.  8.2286E-07  2.8829E-07
 37-Rb- 85    37085.      0.  1.3257E-08  5.1985E-09
 37-Rb- 86    37086.      0.  7.7759E-07  2.6850E-07
 37-Rb- 86-M  37086.      1.  1.3987E-06  4.8298E-07
 37-Rb- 87    37087.      0.  8.5661E-05  3.0455E-05
 37-Rb- 88    37088.      0.  3.8966E-04  1.4803E-04
 37-Rb- 89    37089.      0.  2.7967E-03  1.0131E-03
 37-Rb- 90    37090.      0.  8.5570E-04  2.7323E-04
 37-Rb- 90-M  37090.      1.  7.5998E-03  2.4267E-03
 37-Rb- 91    37091.      0.  2.1575E-02  4.6184E-03
 37-Rb- 92    37092.      0.  2.6107E-02  5.0347E-03
 37-Rb- 93    37093.      0.  2.7115E-02  5.3820E-03
 37-Rb- 94    37094.      0.  1.4160E-02  4.2979E-03
 37-Rb- 95    37095.      0.  8.2238E-03  2.7718E-03
 37-Rb- 96    37096.      0.  1.0550E-03  3.7380E-04
 37-Rb- 96-M  37096.      1.  1.0550E-03  3.7380E-04
 37-Rb- 97    37097.      0.  5.8533E-04  2.0386E-04
 37-Rb- 98    37098.      0.  2.9209E-05  1.0226E-05
 37-Rb- 98-M  37098.      1.  2.9209E-05  1.0226E-05
 37-Rb- 99    37099.      0.  6.5600E-06  2.3665E-06
 37-Rb-100    37100.      0.  6.7127E-09  2.5499E-09
 38-Sr- 86    38086.      0.  0.0000E+00  0.0000E+00
 38-Sr- 87    38087.      0.  1.4357E-09  5.1311E-10
 38-Sr- 87-M  38087.      1.  3.3197E-10  1.1864E-10
 38-Sr- 88    38088.      0.  1.3881E-05  5.3536E-06
 38-Sr- 89    38089.      0.  1.2427E-04  4.8314E-05
 38-Sr- 90    38090.      0.  1.1295E-03  4.2072E-04
 38-Sr- 91    38091.      0.  4.3164E-03  1.3901E-03
 38-Sr- 92    38092.      0.  1.6104E-02  3.9204E-03
 38-Sr- 93    38093.      0.  2.9050E-02  5.3188E-03
 38-Sr- 94    38094.      0.  4.6061E-02  4.8546E-03
 38-Sr- 95    38095.      0.  4.5288E-02  4.9061E-03
 38-Sr- 96    38096.      0.  3.8167E-02  5.0980E-03
 38-Sr- 97    38097.      0.  1.8431E-02  4.3794E-03
 38-Sr- 98    38098.      0.  7.5670E-03  2.3111E-03
 38-Sr- 99    38099.      0.  1.9118E-03  6.6982E-04
 38-Sr-100    38100.      0.  4.4369E-04  1.6740E-04
 38-Sr-101    38101.      0.  3.6656E-05  1.3455E-05
 38-Sr-102    38102.      0.  1.1617E-06  4.1563E-07
 38-Sr-103    38103.      0.  7.1962E-10  2.5918E-10
 39-Y - 89    39089.      0.  0.0000E+00  0.0000E+00
 39-Y - 89-M  39089.      1.  0.0000E+00  0.0000E+00
 39-Y - 90    39090.      0.  1.3422E-06  5.1286E-07
 39-Y - 90-M  39090.      1.  1.9046E-06  7.2774E-07
 39-Y - 91    39091.      0.  3.5218E-06  1.2405E-06
 39-Y - 91-M  39091.      1.  1.5231E-05  5.3648E-06
 39-Y - 92    39092.      0.  1.1937E-04  4.1447E-05
 39-Y - 93    39093.      0.  1.2734E-04  4.5251E-05
 39-Y - 93-M  39093.      1.  8.3297E-04  2.9601E-04
 39-Y - 94    39094.      0.  2.8076E-03  1.0275E-03
 39-Y - 95    39095.      0.  1.0776E-02  3.3996E-03
 39-Y - 96    39096.      0.  6.3056E-03  1.6313E-03
 39-Y - 96-M  39096.      1.  1.1342E-02  2.9344E-03
 39-Y - 97    39097.      0.  5.4103E-03  9.5924E-04
 39-Y - 97-M  39097.      1.  1.8441E-02  3.2695E-03
 39-Y - 97-N  39097.      2.  4.9552E-03  8.7854E-04
 39-Y - 98    39098.      0.  4.3015E-03  9.1507E-04
 39-Y - 98-M  39098.      1.  1.8090E-02  3.8484E-03
 39-Y - 99    39099.      0.  1.9373E-02  4.6852E-03
 39-Y -100    39100.      0.  3.8858E-03  1.2948E-03
 39-Y -100-M  39100.      1.  3.8858E-03  1.2948E-03
 39-Y -101    39101.      0.  2.9714E-03  1.0259E-03
 39-Y -102    39102.      0.  2.6931E-04  9.4890E-05
 39-Y -102-M  39102.      1.  2.6931E-04  9.4890E-05
 39-Y -103    39103.      0.  7.1712E-05  2.5753E-05
 39-Y -104    39104.      0.  6.4808E-06  2.4369E-06
 39-Y -105    39105.      0.  2.5041E-09  1.0207E-09
 40-Zr- 90    40090.      0.  0.0000E+00  0.0000E+00
 40-Zr- 90-M  40090.      1.  0.0000E+00  0.0000E+00
 40-Zr- 91    40091.      0.  0.0000E+00  0.0000E+00
 40-Zr- 92    40092.      0.  3.0333E-06  1.0553E-06
 40-Zr- 93    40093.      0.  2.1858E-05  7.8666E-06
 40-Zr- 94    40094.      0.  1.7695E-04  6.6777E-05
 40-Zr- 95    40095.      0.  1.0044E-03  3.6945E-04
 40-Zr- 96    40096.      0.  5.1372E-03  1.7343E-03
 40-Zr- 97    40097.      0.  1.1501E-02  3.3312E-03
 40-Zr- 98    40098.      0.  2.7064E-02  4.8938E-03
 40-Zr- 99    40099.      0.  3.6601E-02  5.1100E-03
 40-Zr-100    40100.      0.  4.5755E-02  4.3304E-03
 40-Zr-101    40101.      0.  3.0052E-02  4.3365E-03
 40-Zr-102    40102.      0.  1.7397E-02  3.4446E-03
 40-Zr-103    40103.      0.  4.4175E-03  1.3332E-03
 40-Zr-104    40104.      0.  1.0185E-03  3.5716E-04
 40-Zr-105    40105.      0.  7.1930E-05  2.9009E-05
 40-Zr-106    40106.      0.  8.0296E-06  3.6959E-06
 40-Zr-107    40107.      0.  2.1572E-09  8.5812E-10
 40-Zr-108    40108.      0.  2.1585E-11  8.1638E-12
 41-Nb- 95    41095.      0.  2.2213E-06  8.2520E-07
 41-Nb- 95-M  41095.      1.  5.1361E-07  1.9080E-07
 41-Nb- 96    41096.      0.  1.5159E-05  5.4763E-06
 41-Nb- 97    41097.      0.  1.2347E-04  4.3252E-05
 41-Nb- 97-M  41097.      1.  2.8549E-05  1.0001E-05
 41-Nb- 98    41098.      0.  1.7463E-04  6.0958E-05
 41-Nb- 98-M  41098.      1.  5.2697E-04  1.8395E-04
 41-Nb- 99    41099.      0.  2.9881E-03  1.0514E-03
 41-Nb- 99-M  41099.      1.  6.9092E-04  2.4311E-04
 41-Nb-100    41100.      0.  1.4705E-03  5.1431E-04
 41-Nb-100-M  41100.      1.  6.1842E-03  2.1630E-03
 41-Nb-101    41101.      0.  1.5891E-02  4.0206E-03
 41-Nb-102    41102.      0.  8.9475E-03  1.8000E-03
 41-Nb-102-M  41102.      1.  8.9475E-03  1.8000E-03
 41-Nb-103    41103.      0.  1.7166E-02  2.6150E-03
 41-Nb-104    41104.      0.  3.3313E-03  7.8485E-04
 41-Nb-104-M  41104.      1.  3.3313E-03  7.8485E-04
 41-Nb-105    41105.      0.  2.3434E-03  6.8766E-04
 41-Nb-106    41106.      0.  3.2363E-04  1.3133E-04
 41-Nb-107    41107.      0.  5.0042E-05  1.8965E-05
 41-Nb-108    41108.      0.  4.8336E-06  1.8088E-06
 41-Nb-109    41109.      0.  1.5906E-06  5.7808E-07
 41-Nb-110    41110.      0.  7.4167E-11  2.7420E-11
 42-Mo- 95    42095.      0.  0.0000E+00  0.0000E+00
 42-Mo- 96    42096.      0.  0.0000E+00  0.0000E+00
 42-Mo- 97    42097.      0.  8.7976E-07  3.0843E-07
 42-Mo- 98    42098.      0.  2.4669E-05  8.6460E-06
 42-Mo- 99    42099.      0.  1.4749E-04  5.3327E-05
 42-Mo-100    42100.      0.  9.6688E-04  3.7186E-04
 42-Mo-101    42101.      0.  2.8051E-03  1.0418E-03
 42-Mo-102    42102.      0.  7.0418E-03  2.2434E-03
 42-Mo-103    42103.      0.  9.1626E-03  2.3610E-03
 42-Mo-104    42104.      0.  1.0521E-02  1.6684E-03
 42-Mo-105    42105.      0.  6.2127E-03  7.9168E-04
 42-Mo-106    42106.      0.  3.0774E-03  3.1429E-04
 42-Mo-107    42107.      0.  6.5861E-04  1.3183E-04
 42-Mo-108    42108.      0.  1.5648E-04  4.1804E-05
 42-Mo-109    42109.      0.  3.4813E-05  1.1143E-05
 42-Mo-110    42110.      0.  3.6146E-06  1.3147E-06
 42-Mo-111    42111.      0.  1.6438E-08  5.8151E-09
 42-Mo-112    42112.      0.  5.1885E-10  1.9268E-10
 42-Mo-113    42113.      0.  7.5228E-12  2.7379E-12
 43-Tc- 99    43099.      0.  0.0000E+00  0.0000E+00
 43-Tc- 99-M  43099.      1.  0.0000E+00  0.0000E+00
 43-Tc-100    43100.      0.  1.0741E-08  4.0799E-09
 43-Tc-101    43101.      0.  1.0759E-05  3.9586E-06
 43-Tc-102    43102.      0.  4.1808E-05  1.5131E-05
 43-Tc-102-M  43102.      1.  4.1808E-05  1.5131E-05
 43-Tc-103    43103.      0.  2.9755E-04  1.1044E-04
 43-Tc-104    43104.      0.  5.6214E-04  2.1629E-04
 43-Tc-105    43105.      0.  8.4576E-04  3.1445E-04
 43-Tc-106    43106.      0.  6.4468E-04  2.4237E-04
 43-Tc-107    43107.      0.  6.1328E-04  1.3138E-04
 43-Tc-108    43108.      0.  3.1946E-04  5.3123E-05
 43-Tc-109    43109.      0.  1.5452E-04  2.8158E-05
 43-Tc-110    43110.      0.  9.0831E-05  2.2486E-05
 43-Tc-111    43111.      0.  3.6714E-05  1.0434E-05
 43-Tc-112    43112.      0.  4.3594E-06  1.5584E-06
 43-Tc-113    43113.      0.  1.4882E-06  5.3544E-07
 43-Tc-114    43114.      0.  1.0588E-06  3.7478E-07
 43-Tc-115    43115.      0.  8.4259E-11  3.1143E-11
 44-Ru- 99    44099.      0.  0.0000E+00  0.0000E+00
 44-Ru-100    44100.      0.  0.0000E+00  0.0000E+00
 44-Ru-101    44101.      0.  0.0000E+00  0.0000E+00
 44-Ru-102    44102.      0.  2.3062E-06  8.3121E-07
 44-Ru-103    44103.      0.  1.0372E-06  3.7772E-07
 44-Ru-103-M  44103.      1.  2.5041E-06  9.1188E-07
 44-Ru-104    44104.      0.  2.3722E-05  9.7119E-06
 44-Ru-105    44105.      0.  4.1341E-05  2.0573E-05
 44-Ru-106    44106.      0.  5.4091E-05  4.3194E-05
 44-Ru-107    44107.      0.  6.7962E-05  3.6967E-05
 44-Ru-108    44108.      0.  8.3635E-05  3.5532E-05
 44-Ru-109    44109.      0.  8.9448E-05  2.6614E-05
 44-Ru-110    44110.      0.  1.4028E-04  2.5677E-05
 44-Ru-111    44111.      0.  1.1145E-04  1.7605E-05
 44-Ru-112    44112.      0.  7.1524E-05  1.1436E-05
 44-Ru-113    44113.      0.  2.0329E-05  5.8575E-06
 44-Ru-113-M  44113.      1.  2.0329E-05  5.8575E-06
 44-Ru-114    44114.      0.  1.9208E-05  6.0291E-06
 44-Ru-115    44115.      0.  3.7954E-06  1.3667E-06
 44-Ru-116    44116.      0.  2.7003E-06  1.0342E-06
 44-Ru-117    44117.      0.  5.0059E-10  1.7825E-10
 44-Ru-118    44118.      0.  1.7875E-11  6.1264E-12
 44-Ru-119    44119.      0.  6.6446E-08  2.2629E-08
 44-Ru-120    44120.      0.  5.3615E-09  1.8763E-09
 45-Rh-103    45103.      0.  0.0000E+00  0.0000E+00
 45-Rh-103-M  45103.      1.  0.0000E+00  0.0000E+00
 45-Rh-105    45105.      0.  1.3575E-09  5.5336E-10
 45-Rh-105-M  45105.      1.  2.0752E-10  8.4592E-11
 45-Rh-106    45106.      0.  5.2533E-09  2.4266E-09
 45-Rh-106-M  45106.      1.  1.2305E-08  5.6836E-09
 45-Rh-107    45107.      0.  3.1481E-07  1.2535E-07
 45-Rh-108    45108.      0.  8.8850E-07  3.3803E-07
 45-Rh-108-M  45108.      1.  2.6812E-06  1.0201E-06
 45-Rh-109    45109.      0.  4.7106E-06  1.7203E-06
 45-Rh-110    45110.      0.  1.2030E-05  4.3796E-06
 45-Rh-110-M  45110.      1.  3.2113E-07  1.1691E-07
 45-Rh-111    45111.      0.  4.1365E-05  1.2668E-05
 45-Rh-112    45112.      0.  1.6463E-05  4.8701E-06
 45-Rh-112-M  45112.      1.  1.6463E-05  4.8701E-06
 45-Rh-113    45113.      0.  8.8352E-05  1.5098E-05
 45-Rh-114    45114.      0.  2.4416E-05  5.8925E-06
 45-Rh-114-M  45114.      1.  2.4416E-05  5.8925E-06
 45-Rh-115    45115.      0.  5.0787E-05  1.1670E-05
 45-Rh-116    45116.      0.  5.2824E-06  1.8894E-06
 45-Rh-116-M  45116.      1.  1.2373E-05  4.4254E-06
 45-Rh-117    45117.      0.  7.6084E-06  2.5903E-06
 45-Rh-118    45118.      0.  3.9775E-06  1.3372E-06
 45-Rh-119    45119.      0.  2.0022E-05  6.1100E-06
 45-Rh-120    45120.      0.  2.4818E-06  8.5689E-07
 45-Rh-121    45121.      0.  3.8236E-07  1.4095E-07
 45-Rh-122    45122.      0.  1.8085E-08  6.6951E-09
 46-Pd-105    46105.      0.  0.0000E+00  0.0000E+00
 46-Pd-106    46106.      0.  0.0000E+00  0.0000E+00
 46-Pd-107    46107.      0.  0.0000E+00  0.0000E+00
 46-Pd-108    46108.      0.  6.4757E-10  2.4492E-10
 46-Pd-109    46109.      0.  2.7216E-09  9.9515E-10
 46-Pd-109-M  46109.      1.  5.1149E-09  1.8702E-09
 46-Pd-110    46110.      0.  2.5416E-07  9.3946E-08
 46-Pd-111    46111.      0.  2.4570E-06  8.5495E-07
 46-Pd-111-M  46111.      1.  4.6177E-06  1.6067E-06
 46-Pd-112    46112.      0.  8.5425E-06  3.0347E-06
 46-Pd-113    46113.      0.  7.6930E-06  2.4855E-06
 46-Pd-113-M  46113.      1.  1.8572E-05  6.0004E-06
 46-Pd-114    46114.      0.  5.7856E-05  1.2394E-05
 46-Pd-115    46115.      0.  1.8816E-05  4.1030E-06
 46-Pd-115-M  46115.      1.  3.5362E-05  7.7110E-06
 46-Pd-116    46116.      0.  1.1979E-04  1.2179E-05
 46-Pd-117    46117.      0.  2.3272E-05  4.6556E-06
 46-Pd-117-M  46117.      1.  4.3737E-05  8.7494E-06
 46-Pd-118    46118.      0.  7.2631E-05  1.5615E-05
 46-Pd-119    46119.      0.  2.5381E-05  7.5693E-06
 46-Pd-120    46120.      0.  1.3712E-05  4.4686E-06
 46-Pd-121    46121.      0.  1.3219E-06  4.8446E-07
 46-Pd-122    46122.      0.  1.2819E-05  4.4392E-06
 46-Pd-123    46123.      0.  9.0631E-07  3.2508E-07
 46-Pd-124    46124.      0.  2.2504E-07  8.0403E-08
 47-Ag-109    47109.      0.  0.0000E+00  0.0000E+00
 47-Ag-109-M  47109.      1.  0.0000E+00  0.0000E+00
 47-Ag-110    47110.      0.  5.1211E-12  1.8933E-12
 47-Ag-110-M  47110.      1.  1.1995E-11  4.4345E-12
 47-Ag-111    47111.      0.  1.6462E-10  5.8246E-11
 47-Ag-111-M  47111.      1.  1.0769E-09  3.8101E-10
 47-Ag-112    47112.      0.  1.2622E-08  4.6870E-09
 47-Ag-113    47113.      0.  1.9606E-07  7.0998E-08
 47-Ag-113-M  47113.      1.  1.2825E-06  4.6443E-07
 47-Ag-114    47114.      0.  2.0247E-07  7.1995E-08
 47-Ag-114-M  47114.      1.  8.5153E-07  3.0278E-07
 47-Ag-115    47115.      0.  5.0050E-07  1.8121E-07
 47-Ag-115-M  47115.      1.  3.2740E-06  1.1854E-06
 47-Ag-116    47116.      0.  4.7962E-06  1.7543E-06
 47-Ag-116-M  47116.      1.  1.1234E-05  4.1091E-06
 47-Ag-117    47117.      0.  6.6865E-06  1.6690E-06
 47-Ag-117-M  47117.      1.  4.3739E-05  1.0918E-05
 47-Ag-118    47118.      0.  9.5862E-06  2.5290E-06
 47-Ag-118-M  47118.      1.  4.0316E-05  1.0636E-05
 47-Ag-119    47119.      0.  1.0443E-05  1.9828E-06
 47-Ag-119-M  47119.      1.  6.8314E-05  1.2970E-05
 47-Ag-120    47120.      0.  2.2215E-05  5.6673E-06
 47-Ag-120-M  47120.      1.  3.1523E-05  8.0417E-06
 47-Ag-121    47121.      0.  2.9591E-05  8.9367E-06
 47-Ag-122    47122.      0.  7.2718E-06  2.5200E-06
 47-Ag-122-M  47122.      1.  6.5502E-06  2.2699E-06
 47-Ag-123    47123.      0.  2.5700E-06  9.1169E-07
 47-Ag-124    47124.      0.  3.5729E-06  1.2358E-06
 47-Ag-124-M  47124.      1.  3.2183E-06  1.1132E-06
 47-Ag-125    47125.      0.  3.4830E-06  1.1875E-06
 47-Ag-126    47126.      0.  1.3673E-06  4.5387E-07
 47-Ag-127    47127.      0.  9.3548E-07  3.0109E-07
 47-Ag-128    47128.      0.  1.5890E-08  5.2201E-09
 47-Ag-129    47129.      0.  9.9181E-10  3.4160E-10
 48-Cd-110    48110.      0.  0.0000E+00  0.0000E+00
 48-Cd-111    48111.      0.  0.0000E+00  0.0000E+00
 48-Cd-112    48112.      0.  0.0000E+00  0.0000E+00
 48-Cd-113    48113.      0.  1.7611E-11  6.4092E-12
 48-Cd-113-M  48113.      1.  5.7617E-11  2.0969E-11
 48-Cd-114    48114.      0.  4.1826E-09  1.4947E-09
 48-Cd-115    48115.      0.  1.1348E-08  4.1934E-09
 48-Cd-115-M  48115.      1.  3.7128E-08  1.3720E-08
 48-Cd-116    48116.      0.  2.6862E-06  1.0342E-06
 48-Cd-117    48117.      0.  6.6356E-07  2.3330E-07
 48-Cd-117-M  48117.      1.  2.1709E-06  7.6329E-07
 48-Cd-118    48118.      0.  2.2222E-05  6.9548E-06
 48-Cd-119    48119.      0.  9.7808E-06  2.8430E-06
 48-Cd-119-M  48119.      1.  2.3612E-05  6.8633E-06
 48-Cd-120    48120.      0.  7.7853E-05  1.5769E-05
 48-Cd-121    48121.      0.  2.4316E-05  3.2620E-06
 48-Cd-121-M  48121.      1.  5.8703E-05  7.8750E-06
 48-Cd-122    48122.      0.  1.2264E-04  1.6287E-05
 48-Cd-123    48123.      0.  2.0440E-05  4.0543E-06
 48-Cd-123-M  48123.      1.  4.9345E-05  9.7877E-06
 48-Cd-124    48124.      0.  1.2782E-04  2.2768E-05
 48-Cd-125    48125.      0.  3.4735E-05  7.2311E-06
 48-Cd-125-M  48125.      1.  8.3855E-05  1.7457E-05
 48-Cd-126    48126.      0.  1.8876E-04  3.6810E-05
 48-Cd-127    48127.      0.  1.4772E-04  3.4016E-05
 48-Cd-128    48128.      0.  8.7524E-05  2.3883E-05
 48-Cd-129    48129.      0.  8.4953E-06  2.7262E-06
 48-Cd-129-M  48129.      1.  2.0509E-05  6.5814E-06
 48-Cd-130    48130.      0.  1.1133E-05  3.9420E-06
 48-Cd-131    48131.      0.  2.1100E-08  7.3665E-09
 49-In-113    49113.      0.  0.0000E+00  0.0000E+00
 49-In-115    49115.      0.  6.8435E-12  2.5294E-12
 49-In-115-M  49115.      1.  1.5824E-12  5.8487E-13
 49-In-116    49116.      0.  9.6944E-11  3.7621E-11
 49-In-116-M  49116.      1.  1.4859E-10  5.7664E-11
 49-In-116-N  49116.      2.  1.4392E-10  5.5850E-11
 49-In-117    49117.      0.  1.3543E-08  4.8222E-09
 49-In-117-M  49117.      1.  3.1314E-09  1.1150E-09
 49-In-118    49118.      0.  4.8799E-08  1.6721E-08
 49-In-118-M  49118.      1.  7.4797E-08  2.5629E-08
 49-In-118-N  49118.      2.  7.2444E-08  2.4823E-08
 49-In-119    49119.      0.  7.1508E-11  2.4362E-11
 49-In-119-M  49119.      1.  1.6534E-11  5.6331E-12
 49-In-120    49120.      0.  1.7847E-06  6.1917E-07
 49-In-120-M  49120.      1.  1.7847E-06  6.1917E-07
 49-In-120-N  49120.      2.  1.7847E-06  6.1917E-07
 49-In-121    49121.      0.  1.0340E-05  3.6740E-06
 49-In-121-M  49121.      1.  2.3909E-06  8.4951E-07
 49-In-122    49122.      0.  1.2960E-05  4.5040E-06
 49-In-122-M  49122.      1.  9.1950E-06  3.1955E-06
 49-In-122-N  49122.      2.  9.1950E-06  3.1955E-06
 49-In-123    49123.      0.  4.7327E-05  1.1259E-05
 49-In-123-M  49123.      1.  1.0943E-05  2.6035E-06
 49-In-124    49124.      0.  3.9413E-05  1.1147E-05
 49-In-124-M  49124.      1.  3.5503E-05  1.0040E-05
 49-In-125    49125.      0.  1.0553E-04  2.2658E-05
 49-In-125-M  49125.      1.  2.4401E-05  5.2391E-06
 49-In-126    49126.      0.  1.1288E-04  2.7001E-05
 49-In-126-M  49126.      1.  1.0168E-04  2.4322E-05
 49-In-127    49127.      0.  4.3325E-04  9.5580E-05
 49-In-127-M  49127.      1.  1.0018E-04  2.2100E-05
 49-In-128    49128.      0.  2.9682E-04  7.7887E-05
 49-In-128-M  49128.      1.  1.2082E-04  3.1705E-05
 49-In-128-N  49128.      2.  3.7620E-04  9.8718E-05
 49-In-129    49129.      0.  8.1219E-04  2.1848E-04
 49-In-129-M  49129.      1.  1.8780E-04  5.0518E-05
 49-In-130    49130.      0.  1.4866E-04  4.7667E-05
 49-In-130-M  49130.      1.  1.6604E-04  5.3240E-05
 49-In-130-N  49130.      2.  2.8250E-04  9.0584E-05
 49-In-131    49131.      0.  6.7727E-05  2.2759E-05
 49-In-131-M  49131.      1.  6.7727E-05  2.2759E-05
 49-In-131-N  49131.      2.  6.7727E-05  2.2759E-05
 49-In-132    49132.      0.  1.0603E-05  3.6297E-06
 49-In-133    49133.      0.  4.6663E-07  1.6618E-07
 49-In-133-M  49133.      1.  1.0790E-07  3.8424E-08
 49-In-134    49134.      0.  6.9594E-09  2.6587E-09
 50-Sn-115    50115.      0.  0.0000E+00  0.0000E+00
 50-Sn-116    50116.      0.  0.0000E+00  0.0000E+00
 50-Sn-117    50117.      0.  0.0000E+00  0.0000E+00
 50-Sn-117-M  50117.      1.  0.0000E+00  0.0000E+00
 50-Sn-118    50118.      0.  7.7456E-11  2.6547E-11
 50-Sn-119    50119.      0.  0.0000E+00  0.0000E+00
 50-Sn-119-M  50119.      1.  0.0000E+00  0.0000E+00
 50-Sn-120    50120.      0.  0.0000E+00  0.0000E+00
 50-Sn-121    50121.      0.  1.7438E-12  6.4453E-13
 50-Sn-121-M  50121.      1.  4.2097E-12  1.5560E-12
 50-Sn-122    50122.      0.  3.3812E-06  1.2466E-06
 50-Sn-123    50123.      0.  4.4771E-06  1.5798E-06
 50-Sn-123-M  50123.      1.  1.8546E-06  6.5440E-07
 50-Sn-124    50124.      0.  3.9692E-05  1.3110E-05
 50-Sn-125    50125.      0.  3.3594E-05  1.0737E-05
 50-Sn-125-M  50125.      1.  1.3915E-05  4.4474E-06
 50-Sn-126    50126.      0.  1.7055E-04  4.7317E-05
 50-Sn-127    50127.      0.  3.7483E-04  8.4612E-05
 50-Sn-127-M  50127.      1.  1.5526E-04  3.5048E-05
 50-Sn-128    50128.      0.  6.7640E-04  7.4387E-05
 50-Sn-128-M  50128.      1.  1.5843E-03  1.7423E-04
 50-Sn-129    50129.      0.  1.6852E-03  1.6682E-04
 50-Sn-129-M  50129.      1.  4.0683E-03  4.0274E-04
 50-Sn-130    50130.      0.  3.6458E-03  5.0298E-04
 50-Sn-130-M  50130.      1.  8.5392E-03  1.1781E-03
 50-Sn-131    50131.      0.  3.3309E-03  6.5908E-04
 50-Sn-131-M  50131.      1.  8.0411E-03  1.5911E-03
 50-Sn-132    50132.      0.  7.3672E-03  1.8739E-03
 50-Sn-133    50133.      0.  9.5862E-04  3.3046E-04
 50-Sn-134    50134.      0.  1.0888E-04  4.1441E-05
 50-Sn-135    50135.      0.  9.9098E-06  3.6238E-06
 50-Sn-136    50136.      0.  8.9273E-07  3.1311E-07
 51-Sb-121    51121.      0.  0.0000E+00  0.0000E+00
 51-Sb-123    51123.      0.  0.0000E+00  0.0000E+00
 51-Sb-124    51124.      0.  2.6892E-11  9.6200E-12
 51-Sb-124-M  51124.      1.  2.0562E-11  7.3556E-12
 51-Sb-124-N  51124.      2.  2.7810E-11  9.9484E-12
 51-Sb-125    51125.      0.  3.4432E-06  1.1877E-06
 51-Sb-126    51126.      0.  3.0031E-06  9.9795E-07
 51-Sb-126-M  51126.      1.  2.2204E-06  7.3786E-07
 51-Sb-126-N  51126.      2.  2.9039E-06  9.6500E-07
 51-Sb-127    51127.      0.  2.8700E-05  9.2021E-06
 51-Sb-128    51128.      0.  7.0334E-05  2.2732E-05
 51-Sb-128-M  51128.      1.  1.2002E-04  3.8788E-05
 51-Sb-129    51129.      0.  7.8866E-04  2.5635E-04
 51-Sb-129-M  51129.      1.  4.8194E-04  1.5665E-04
 51-Sb-130    51130.      0.  2.5330E-03  7.7515E-04
 51-Sb-130-M  51130.      1.  2.5330E-03  7.7515E-04
 51-Sb-131    51131.      0.  1.3297E-02  2.5175E-03
 51-Sb-132    51132.      0.  1.1790E-02  2.1798E-03
 51-Sb-132-M  51132.      1.  8.6897E-03  1.6065E-03
 51-Sb-133    51133.      0.  2.4142E-02  4.8678E-03
 51-Sb-134    51134.      0.  1.9194E-03  6.6013E-04
 51-Sb-134-M  51134.      1.  4.4957E-03  1.5462E-03
 51-Sb-135    51135.      0.  1.4046E-03  5.0070E-04
 51-Sb-136    51136.      0.  2.1462E-04  7.4954E-05
 51-Sb-137    51137.      0.  2.2588E-05  8.0374E-06
 51-Sb-138    51138.      0.  3.9392E-07  1.4699E-07
 51-Sb-139    51139.      0.  1.2132E-08  4.3945E-09
 52-Te-124    52124.      0.  0.0000E+00  0.0000E+00
 52-Te-125    52125.      0.  0.0000E+00  0.0000E+00
 52-Te-125-M  52125.      1.  0.0000E+00  0.0000E+00
 52-Te-126    52126.      0.  2.4392E-11  8.1379E-12
 52-Te-127    52127.      0.  5.4641E-07  1.7633E-07
 52-Te-127-M  52127.      1.  1.3191E-06  4.2567E-07
 52-Te-128    52128.      0.  5.4196E-06  1.7798E-06
 52-Te-129    52129.      0.  2.4565E-05  8.4393E-06
 52-Te-129-M  52129.      1.  5.9304E-05  2.0374E-05
 52-Te-130    52130.      0.  8.0301E-04  2.9072E-04
 52-Te-131    52131.      0.  1.2624E-03  4.0915E-04
 52-Te-131-M  52131.      1.  3.0475E-03  9.8775E-04
 52-Te-132    52132.      0.  1.5042E-02  3.6125E-03
 52-Te-133    52133.      0.  1.1536E-02  1.4861E-03
 52-Te-133-M  52133.      1.  2.7850E-02  3.5876E-03
 52-Te-134    52134.      0.  6.3001E-02  4.1485E-03
 52-Te-135    52135.      0.  3.4777E-02  5.4889E-03
 52-Te-136    52136.      0.  1.6652E-02  4.2030E-03
 52-Te-137    52137.      0.  4.8440E-03  1.5974E-03
 52-Te-138    52138.      0.  1.1280E-03  4.1453E-04
 52-Te-139    52139.      0.  1.6977E-04  6.1363E-05
 52-Te-140    52140.      0.  2.4771E-05  8.7074E-06
 52-Te-141    52141.      0.  6.0694E-08  2.1076E-08
 52-Te-142    52142.      0.  2.3177E-09  8.2576E-10
 53-I -127    53127.      0.  0.0000E+00  0.0000E+00
 53-I -129    53129.      0.  3.6366E-09  1.2525E-09
 53-I -130    53130.      0.  1.5116E-06  5.5290E-07
 53-I -130-M  53130.      1.  6.4534E-07  2.3605E-07
 53-I -131    53131.      0.  2.9604E-05  1.0333E-05
 53-I -132    53132.      0.  1.6349E-04  5.5941E-05
 53-I -132-M  53132.      1.  1.2050E-04  4.1229E-05
 53-I -133    53133.      0.  1.2302E-03  4.3312E-04
 53-I -133-M  53133.      1.  7.5174E-04  2.6468E-04
 53-I -134    53134.      0.  4.4173E-03  1.5765E-03
 53-I -134-M  53134.      1.  3.2557E-03  1.1619E-03
 53-I -135    53135.      0.  2.4635E-02  5.3729E-03
 53-I -136    53136.      0.  9.0903E-03  1.6331E-03
 53-I -136-M  53136.      1.  2.1292E-02  3.8252E-03
 53-I -137    53137.      0.  2.7026E-02  5.3108E-03
 53-I -138    53138.      0.  1.2419E-02  3.8407E-03
 53-I -139    53139.      0.  7.3846E-03  2.4263E-03
 53-I -140    53140.      0.  1.9313E-03  6.6619E-04
 53-I -141    53141.      0.  4.6843E-04  1.6186E-04
 53-I -142    53142.      0.  4.6773E-05  1.6658E-05
 53-I -143    53143.      0.  4.3187E-06  1.6019E-06
 53-I -144    53144.      0.  7.4082E-09  2.7318E-09
 54-Xe-130    54130.      0.  0.0000E+00  0.0000E+00
 54-Xe-131    54131.      0.  2.0600E-10  7.1922E-11
 54-Xe-131-M  54131.      1.  4.9731E-10  1.7363E-10
 54-Xe-132    54132.      0.  1.6540E-06  5.6717E-07
 54-Xe-132-M  54132.      1.  1.8748E-06  6.4293E-07
 54-Xe-133    54133.      0.  1.2449E-05  4.4328E-06
 54-Xe-133-M  54133.      1.  3.0053E-05  1.0701E-05
 54-Xe-134    54134.      0.  1.0471E-04  3.9919E-05
 54-Xe-134-M  54134.      1.  2.4527E-04  9.3501E-05
 54-Xe-135    54135.      0.  7.3122E-04  2.6037E-04
 54-Xe-135-M  54135.      1.  1.7653E-03  6.2856E-04
 54-Xe-136    54136.      0.  1.6028E-02  4.2176E-03
 54-Xe-137    54137.      0.  2.9632E-02  5.3330E-03
 54-Xe-138    54138.      0.  4.9826E-02  4.5003E-03
 54-Xe-139    54139.      0.  4.3433E-02  4.7758E-03
 54-Xe-140    54140.      0.  3.8343E-02  5.0984E-03
 54-Xe-141    54141.      0.  1.9466E-02  4.6566E-03
 54-Xe-142    54142.      0.  6.8491E-03  2.2627E-03
 54-Xe-143    54143.      0.  1.8222E-03  6.6902E-04
 54-Xe-144    54144.      0.  3.1546E-04  1.1624E-04
 54-Xe-145    54145.      0.  3.1727E-05  1.0898E-05
 54-Xe-146    54146.      0.  5.5535E-06  1.8576E-06
 54-Xe-147    54147.      0.  5.3848E-10  1.8630E-10
 55-Cs-133    55133.      0.  0.0000E+00  0.0000E+00
 55-Cs-134    55134.      0.  1.0016E-08  3.8265E-09
 55-Cs-134-M  55134.      1.  7.3820E-09  2.8202E-09
 55-Cs-135    55135.      0.  5.5903E-07  2.0450E-07
 55-Cs-135-M  55135.      1.  3.4162E-07  1.2496E-07
 55-Cs-136    55136.      0.  2.2516E-05  7.8932E-06
 55-Cs-136-M  55136.      1.  1.3195E-05  4.6258E-06
 55-Cs-137    55137.      0.  8.1095E-04  2.8555E-04
 55-Cs-138    55138.      0.  1.3900E-03  4.9715E-04
 55-Cs-138-M  55138.      1.  1.9723E-03  7.0544E-04
 55-Cs-139    55139.      0.  1.1949E-02  3.5481E-03
 55-Cs-140    55140.      0.  1.8194E-02  4.5685E-03
 55-Cs-141    55141.      0.  2.9080E-02  5.0927E-03
 55-Cs-142    55142.      0.  2.3329E-02  4.9473E-03
 55-Cs-143    55143.      0.  1.5682E-02  4.5113E-03
 55-Cs-144    55144.      0.  3.4328E-03  1.2010E-03
 55-Cs-144-M  55144.      1.  3.4328E-03  1.2010E-03
 55-Cs-145    55145.      0.  1.9681E-03  6.6865E-04
 55-Cs-146    55146.      0.  3.2346E-04  1.0806E-04
 55-Cs-147    55147.      0.  6.6508E-05  2.3007E-05
 55-Cs-148    55148.      0.  2.7207E-06  1.0027E-06
 55-Cs-149    55149.      0.  2.8062E-09  9.9823E-10
 56-Ba-134    56134.      0.  0.0000E+00  0.0000E+00
 56-Ba-136    56136.      0.  2.6710E-07  9.3683E-08
 56-Ba-136-M  56136.      1.  6.2561E-07  2.1943E-07
 56-Ba-137    56137.      0.  2.0354E-06  7.2449E-07
 56-Ba-137-M  56137.      1.  4.9138E-06  1.7490E-06
 56-Ba-138    56138.      0.  1.3944E-04  5.1897E-05
 56-Ba-139    56139.      0.  8.5377E-04  3.0401E-04
 56-Ba-140    56140.      0.  5.0254E-03  1.5902E-03
 56-Ba-141    56141.      0.  9.5955E-03  2.7041E-03
 56-Ba-142    56142.      0.  2.7621E-02  4.8626E-03
 56-Ba-143    56143.      0.  3.9933E-02  4.8272E-03
 56-Ba-144    56144.      0.  4.1418E-02  3.4735E-03
 56-Ba-145    56145.      0.  2.3553E-02  3.1561E-03
 56-Ba-146    56146.      0.  1.0771E-02  2.5434E-03
 56-Ba-147    56147.      0.  3.8881E-03  1.2549E-03
 56-Ba-148    56148.      0.  8.7512E-04  3.2138E-04
 56-Ba-149    56149.      0.  1.2213E-04  4.3407E-05
 56-Ba-150    56150.      0.  1.0524E-05  3.5030E-06
 56-Ba-151    56151.      0.  6.6796E-09  2.1911E-09
 56-Ba-152    56152.      0.  1.0153E-10  3.5622E-11
 57-La-139    57139.      0.  1.9412E-08  7.0313E-09
 57-La-140    57140.      0.  6.4628E-06  2.2719E-06
 57-La-141    57141.      0.  1.0678E-04  3.6952E-05
 57-La-142    57142.      0.  3.1629E-04  1.1162E-04
 57-La-143    57143.      0.  2.1562E-03  7.5324E-04
 57-La-144    57144.      0.  5.6665E-03  1.7919E-03
 57-La-145    57145.      0.  1.2709E-02  2.8735E-03
 57-La-146    57146.      0.  4.6406E-03  9.1933E-04
 57-La-146-M  57146.      1.  8.3474E-03  1.6537E-03
 57-La-147    57147.      0.  9.4631E-03  1.9158E-03
 57-La-148    57148.      0.  4.7001E-03  1.4067E-03
 57-La-149    57149.      0.  1.8628E-03  6.2424E-04
 57-La-150    57150.      0.  4.8783E-04  1.6045E-04
 57-La-151    57151.      0.  8.6567E-05  2.8346E-05
 57-La-152    57152.      0.  1.1309E-05  3.9664E-06
 57-La-153    57153.      0.  2.2026E-08  8.4908E-09
 57-La-154    57154.      0.  1.3004E-10  5.5082E-11
 58-Ce-140    58140.      0.  0.0000E+00  0.0000E+00
 58-Ce-141    58141.      0.  1.4115E-09  4.9015E-10
 58-Ce-142    58142.      0.  1.0956E-05  3.9006E-06
 58-Ce-143    58143.      0.  4.7634E-05  1.7612E-05
 58-Ce-144    58144.      0.  4.1193E-04  1.4807E-04
 58-Ce-145    58145.      0.  1.5366E-03  4.8177E-04
 58-Ce-146    58146.      0.  5.8891E-03  1.3762E-03
 58-Ce-147    58147.      0.  8.9443E-03  1.6671E-03
 58-Ce-148    58148.      0.  1.0936E-02  1.4789E-03
 58-Ce-149    58149.      0.  7.2982E-03  7.6595E-04
 58-Ce-150    58150.      0.  4.2474E-03  4.6778E-04
 58-Ce-151    58151.      0.  1.7878E-03  3.8373E-04
 58-Ce-152    58152.      0.  5.1768E-04  1.6698E-04
 58-Ce-153    58153.      0.  7.8988E-05  2.9975E-05
 58-Ce-154    58154.      0.  8.3777E-06  3.5301E-06
 58-Ce-155    58155.      0.  1.7006E-08  7.0774E-09
 58-Ce-156    58156.      0.  3.7840E-10  1.4376E-10
 58-Ce-157    58157.      0.  1.5657E-12  5.5683E-13
 59-Pr-141    59141.      0.  0.0000E+00  0.0000E+00
 59-Pr-143    59143.      0.  0.0000E+00  0.0000E+00
 59-Pr-144    59144.      0.  7.4971E-10  2.7646E-10
 59-Pr-144-M  59144.      1.  6.6585E-09  2.4553E-09
 59-Pr-145    59145.      0.  2.1898E-06  7.5193E-07
 59-Pr-146    59146.      0.  2.0066E-05  6.6846E-06
 59-Pr-147    59147.      0.  1.1671E-04  3.9401E-05
 59-Pr-148    59148.      0.  7.1911E-05  2.4485E-05
 59-Pr-148-M  59148.      1.  3.0243E-04  1.0297E-04
 59-Pr-149    59149.      0.  9.6135E-04  2.8159E-04
 59-Pr-150    59150.      0.  1.5735E-03  3.7802E-04
 59-Pr-151    59151.      0.  1.8411E-03  3.6677E-04
 59-Pr-152    59152.      0.  1.0605E-03  2.1921E-04
 59-Pr-153    59153.      0.  4.7512E-04  1.3282E-04
 59-Pr-154    59154.      0.  1.1304E-04  4.2950E-05
 59-Pr-155    59155.      0.  2.6192E-05  1.0160E-05
 59-Pr-156    59156.      0.  2.9161E-06  1.0876E-06
 59-Pr-157    59157.      0.  3.1516E-08  1.1204E-08
 59-Pr-158    59158.      0.  2.1533E-10  8.1311E-11
 59-Pr-159    59159.      0.  3.7559E-12  1.3673E-12
 60-Nd-143    60143.      0.  0.0000E+00  0.0000E+00
 60-Nd-144    60144.      0.  0.0000E+00  0.0000E+00
 60-Nd-145    60145.      0.  0.0000E+00  0.0000E+00
 60-Nd-146    60146.      0.  1.2612E-09  4.2187E-10
 60-Nd-147    60147.      0.  9.9524E-07  3.4412E-07
 60-Nd-148    60148.      0.  1.4633E-05  5.3447E-06
 60-Nd-149    60149.      0.  4.5920E-05  1.5929E-05
 60-Nd-150    60150.      0.  2.3186E-04  6.8947E-05
 60-Nd-151    60151.      0.  5.7277E-04  1.4052E-04
 60-Nd-152    60152.      0.  9.4346E-04  1.8104E-04
 60-Nd-153    60153.      0.  8.9336E-04  1.3728E-04
 60-Nd-154    60154.      0.  5.8062E-04  5.2311E-05
 60-Nd-155    60155.      0.  2.4297E-04  2.2536E-05
 60-Nd-156    60156.      0.  8.8985E-05  1.2033E-05
 60-Nd-157    60157.      0.  2.2774E-05  5.5752E-06
 60-Nd-158    60158.      0.  2.9957E-06  1.0061E-06
 60-Nd-159    60159.      0.  1.1721E-08  4.2635E-09
 60-Nd-160    60160.      0.  4.9816E-10  5.4208E-10
 61-Pm-147    61147.      0.  0.0000E+00  0.0000E+00
 61-Pm-149    61149.      0.  2.0044E-09  7.1303E-10
 61-Pm-150    61150.      0.  9.5514E-07  3.1871E-07
 61-Pm-151    61151.      0.  1.0777E-06  3.5454E-07
 61-Pm-152    61152.      0.  1.7255E-06  6.2277E-07
 61-Pm-152-M  61152.      1.  3.4457E-06  1.2436E-06
 61-Pm-152-N  61152.      2.  3.8113E-06  1.3755E-06
 61-Pm-153    61153.      0.  2.0349E-05  8.4320E-06
 61-Pm-154    61154.      0.  1.4698E-05  6.8800E-06
 61-Pm-154-M  61154.      1.  1.4698E-05  6.8800E-06
 61-Pm-155    61155.      0.  3.3561E-05  1.4351E-05
 61-Pm-156    61156.      0.  3.4914E-05  1.1117E-05
 61-Pm-157    61157.      0.  2.7381E-05  6.2393E-06
 61-Pm-158    61158.      0.  5.9194E-06  1.7557E-06
 61-Pm-159    61159.      0.  3.0456E-06  8.6533E-07
 61-Pm-160    61160.      0.  1.3287E-07  1.4412E-07
 61-Pm-161    61161.      0.  3.2081E-09  1.1962E-09
 61-Pm-162    61162.      0.  2.0371E-10  2.2250E-10
 61-Pm-163    61163.      0.  5.5570E-12  5.9927E-12
 62-Sm-147    62147.      0.  0.0000E+00  0.0000E+00
 62-Sm-149    62149.      0.  0.0000E+00  0.0000E+00
 62-Sm-150    62150.      0.  0.0000E+00  0.0000E+00
 62-Sm-151    62151.      0.  1.0950E-10  3.5920E-11
 62-Sm-152    62152.      0.  3.8581E-09  1.3536E-09
 62-Sm-153    62153.      0.  1.4005E-08  5.3996E-09
 62-Sm-153-M  62153.      1.  3.3810E-08  1.3035E-08
 62-Sm-154    62154.      0.  9.2910E-07  3.9485E-07
 62-Sm-155    62155.      0.  8.5982E-06  3.6285E-06
 62-Sm-156    62156.      0.  7.5670E-06  2.8179E-06
 62-Sm-157    62157.      0.  1.5739E-05  4.6269E-06
 62-Sm-158    62158.      0.  1.0293E-05  2.2365E-06
 62-Sm-159    62159.      0.  6.0810E-06  1.0417E-06
 62-Sm-160    62160.      0.  3.4953E-06  3.4752E-06
 62-Sm-161    62161.      0.  4.4101E-07  9.0428E-08
 62-Sm-162    62162.      0.  8.2741E-08  8.9366E-08
 62-Sm-163    62163.      0.  3.5270E-09  3.7994E-09
 62-Sm-164    62164.      0.  2.2718E-10  2.4517E-10
 62-Sm-165    62165.      0.  3.7584E-12  4.0106E-12
 63-Eu-151    63151.      0.  0.0000E+00  0.0000E+00
 63-Eu-153    63153.      0.  0.0000E+00  0.0000E+00
 63-Eu-154    63154.      0.  3.0405E-11  1.2880E-11
 63-Eu-154-M  63154.      1.  2.7389E-11  1.1602E-11
 63-Eu-155    63155.      0.  2.4798E-09  1.0321E-09
 63-Eu-156    63156.      0.  1.9313E-08  7.3370E-09
 63-Eu-157    63157.      0.  2.6093E-07  9.2588E-08
 63-Eu-158    63158.      0.  3.8592E-07  1.4396E-07
 63-Eu-159    63159.      0.  1.4948E-06  4.8969E-07
 63-Eu-160    63160.      0.  6.9853E-07  7.4778E-07
 63-Eu-161    63161.      0.  3.4701E-07  8.7010E-08
 63-Eu-162    63162.      0.  3.1513E-07  3.2936E-07
 63-Eu-163    63163.      0.  1.4257E-07  1.4676E-07
 63-Eu-164    63164.      0.  1.2974E-08  1.3871E-08
 63-Eu-165    63165.      0.  2.6883E-09  2.8552E-09
 63-Eu-166    63166.      0.  9.4087E-11  1.0018E-10
 63-Eu-167    63167.      0.  4.5226E-12  4.8508E-12
 64-Gd-154    64154.      0.  0.0000E+00  0.0000E+00
 64-Gd-155    64155.      0.  0.0000E+00  0.0000E+00
 64-Gd-156    64156.      0.  0.0000E+00  0.0000E+00
 64-Gd-157    64157.      0.  5.0101E-11  1.7819E-11
 64-Gd-158    64158.      0.  9.8213E-10  3.7085E-10
 64-Gd-159    64159.      0.  5.8826E-09  2.1408E-09
 64-Gd-160    64160.      0.  5.3549E-08  5.8200E-08
 64-Gd-161    64161.      0.  2.1595E-08  7.9332E-09
 64-Gd-162    64162.      0.  1.9506E-07  2.0744E-07
 64-Gd-163    64163.      0.  1.0022E-07  1.0465E-07
 64-Gd-164    64164.      0.  8.5914E-08  8.6766E-08
 64-Gd-165    64165.      0.  2.1817E-08  2.2376E-08
 64-Gd-166    64166.      0.  8.4847E-09  8.7134E-09
 64-Gd-167    64167.      0.  5.9843E-10  6.3815E-10
 64-Gd-168    64168.      0.  8.4457E-11  8.9997E-11
 64-Gd-169    64169.      0.  2.4667E-12  2.6250E-12
 65-Tb-159    65159.      0.  1.3658E-12  4.9720E-13
 65-Tb-160    65160.      0.  1.8517E-11  2.0150E-11
 65-Tb-161    65161.      0.  9.7460E-11  3.6429E-11
 65-Tb-162    65162.      0.  1.3232E-09  1.4451E-09
 65-Tb-163    65163.      0.  7.7975E-09  8.3886E-09
 65-Tb-164    65164.      0.  8.4628E-09  9.0783E-09
 65-Tb-165    65165.      0.  2.0625E-08  2.1202E-08
 65-Tb-166    65166.      0.  9.0521E-09  9.2726E-09
 65-Tb-167    65167.      0.  6.1812E-09  6.2197E-09
 65-Tb-168    65168.      0.  1.1183E-09  1.1625E-09
 65-Tb-169    65169.      0.  3.7891E-10  3.9469E-10
 65-Tb-170    65170.      0.  2.0000E-11  2.1362E-11
 65-Tb-171    65171.      0.  2.0980E-12  2.2432E-12
 66-Dy-160    66160.      0.  0.0000E+00  0.0000E+00
 66-Dy-161    66161.      0.  0.0000E+00  0.0000E+00
 66-Dy-162    66162.      0.  0.0000E+00  0.0000E+00
 66-Dy-163    66163.      0.  6.4456E-12  6.9511E-12
 66-Dy-164    66164.      0.  8.9411E-11  9.6501E-11
 66-Dy-165    66165.      0.  2.7466E-10  2.9294E-10
 66-Dy-165-M  66165.      1.  4.1988E-11  4.4782E-11
 66-Dy-166    66166.      0.  1.5253E-09  1.6144E-09
 66-Dy-167    66167.      0.  1.2619E-09  1.3369E-09
 66-Dy-168    66168.      0.  2.1401E-09  2.1683E-09
 66-Dy-169    66169.      0.  8.2716E-10  8.3893E-10
 66-Dy-170    66170.      0.  4.3928E-10  4.4266E-10
 66-Dy-171    66171.      0.  6.1853E-11  6.4895E-11
 66-Dy-172    66172.      0.  1.6940E-11  1.7783E-11
 67-Ho-165    67165.      0.  0.0000E+00  0.0000E+00
 67-Ho-166    67166.      0.  6.7039E-13  7.1404E-13
 67-Ho-166-M  67166.      1.  1.5702E-12  1.6725E-12
 67-Ho-167    67167.      0.  2.3033E-11  2.4700E-11
 67-Ho-168    67168.      0.  2.2561E-11  2.4058E-11
 67-Ho-168-M  67168.      1.  3.2014E-11  3.4137E-11
 67-Ho-169    67169.      0.  2.2109E-10  2.3240E-10
 67-Ho-170    67170.      0.  9.6094E-11  1.0105E-10
 67-Ho-170-M  67170.      1.  4.1026E-11  4.3142E-11
 67-Ho-171    67171.      0.  1.7956E-10  1.8110E-10
 67-Ho-172    67172.      0.  5.7579E-11  5.8534E-11
 67-Ho-173    67173.      0.  2.6367E-11  2.6783E-11
 67-Ho-174    67174.      0.  2.5281E-12  2.6858E-12
 68-Er-166    68166.      0.  0.0000E+00  0.0000E+00
 68-Er-167    68167.      0.  0.0000E+00  0.0000E+00
 68-Er-167-M  68167.      1.  0.0000E+00  0.0000E+00
 68-Er-168    68168.      0.  0.0000E+00  0.0000E+00
 68-Er-169    68169.      0.  0.0000E+00  0.0000E+00
 68-Er-170    68170.      0.  5.6747E-12  6.0723E-12
 68-Er-171    68171.      0.  9.9377E-12  1.0600E-11
 68-Er-172    68172.      0.  3.1952E-11  3.3154E-11
 68-Er-173    68173.      0.  1.6666E-11  1.7245E-11
 68-Er-174    68174.      0.  1.4999E-11  1.5073E-11
 68-Er-175    68175.      0.  3.9805E-12  4.0655E-12
 68-Er-176    68176.      0.  1.5845E-12  1.6220E-12
 69-Tm-169    69169.      0.  0.0000E+00  0.0000E+00
 69-Tm-171    69171.      0.  0.0000E+00  0.0000E+00
 69-Tm-172    69172.      0.  0.0000E+00  0.0000E+00
 69-Tm-173    69173.      0.  1.1480E-12  1.2219E-12
 69-Tm-174    69174.      0.  1.3194E-12  1.4089E-12
 69-Tm-175    69175.      0.  3.3811E-12  3.4756E-12
 69-Tm-176    69176.      0.  1.5186E-12  1.5572E-12
 69-Tm-177    69177.      0.  1.0890E-12  1.0951E-12
 70-Yb-171    70171.      0.  0.0000E+00  0.0000E+00
 70-Yb-172    70172.      0.  0.0000E+00  0.0000E+00
 70-Yb-173    70173.      0.  0.0000E+00  0.0000E+00
 70-Yb-174    70174.      0.  0.0000E+00  0.0000E+00
 70-Yb-175    70175.      0.  0.0000E+00  0.0000E+00
 70-Yb-175-M  70175.      1.  0.0000E+00  0.0000E+00
 70-Yb-176    70176.      0.  0.0000E+00  0.0000E+00
 70-Yb-176-M  70176.      1.  0.0000E+00  0.0000E+00
 70-Yb-177    70177.      0.  0.0000E+00  0.0000E+00
 70-Yb-177-M  70177.      1.  0.0000E+00  0.0000E+00
 71-Lu-175    71175.      0.  0.0000E+00  0.0000E+00
 71-Lu-177    71177.      0.  0.0000E+00  0.0000E+00
 72-Hf-177    72177.      0.  0.0000E+00  0.0000E+00
